0 -1 0
0 -2 0
0 1 10
0 3 10
0 9 10
0 27 10
0 81 10
0 243 10
0 729 10
0 2187 10
0 6561 10
1 -1 0
1 -2 0
1 7 9
1 19 9
1 55 9
1 163 9
1 487 9
1 1459 9
1 4375 9
1 13123 9
2 -1 0
2 -2 0
3 -1 0
3 -2 0
3 5 9
3 21 9
3 57 9
3 165 9
3 489 9
3 1461 9
3 4377 9
3 13125 9
4 -1 0
4 -2 0
5 -1 0
5 -2 0
5 14 8
5 32 8
5 86 8
5 248 8
5 734 8
5 2192 8
5 6566 8
6 -1 0
6 -2 0
7 -1 0
7 -2 0
7 16 8
7 34 8
7 88 8
7 250 8
7 736 8
7 2194 8
7 6568 8
8 -1 0
8 -2 0
10 -1 0
10 -2 0
11 -1 0
11 -2 0
11 14 8
11 38 8
11 92 8
11 254 8
11 740 8
11 2198 8
11 6572 8
13 -1 0
13 -2 0
14 -1 0
14 -2 0
14 68 7
14 176 7
14 500 7
14 1472 7
14 4388 7
14 13136 7
16 -1 0
16 -2 0
16 70 7
16 178 7
16 502 7
16 1474 7
16 4390 7
16 13138 7
17 -1 0
17 -2 0
20 -1 0
20 -2 0
23 -1 0
23 -2 0
26 -1 0
26 -2 0
30 -1 0
30 -2 0
31 -1 0
31 -2 0
32 -1 0
32 -2 0
32 50 7
32 194 7
32 518 7
32 1490 7
32 4406 7
32 13154 7
33 -1 0
33 -2 0
33 34 8
33 42 8
33 114 8
33 276 8
33 762 8
33 2220 8
33 6594 8
34 -1 0
34 -2 0
34 52 7
34 196 7
34 520 7
34 1492 7
34 4408 7
34 13156 7
35 -1 0
35 -2 0
36 -1 0
36 -2 0
37 -1 0
37 -2 0
38 -1 0
38 -2 0
38 44 7
38 200 7
38 524 7
38 1496 7
38 4412 7
38 13160 7
39 -1 0
39 -2 0
40 -1 0
40 -2 0
41 -1 0
41 -2 0
42 -1 0
42 -2 0
42 44 7
42 204 7
42 528 7
42 1500 7
42 4416 7
42 13164 7
43 -1 0
43 -2 0
44 -1 0
44 -2 0
44 125 6
44 287 6
44 773 6
44 2231 6
44 6605 6
45 -1 0
45 -2 0
45 46 8
45 48 8
45 126 8
45 288 8
45 774 8
45 2232 8
45 6606 8
46 -1 0
46 -2 0
46 52 7
46 208 7
46 532 7
46 1504 7
46 4420 7
46 13168 7
47 -1 0
47 -2 0
48 -1 0
48 -2 0
48 50 7
48 210 7
48 534 7
48 1506 7
48 4422 7
48 13170 7
49 -1 0
49 -2 0
50 -1 0
50 -2 0
50 131 6
50 293 6
50 779 6
50 2237 6
50 6611 6
51 -1 0
51 -2 0
52 -1 0
52 -2 0
52 133 6
52 295 6
52 781 6
52 2239 6
52 6613 6
53 -1 0
53 -2 0
60 -1 0
60 -2 0
61 -1 0
61 -2 0
62 -1 0
62 -2 0
63 -1 0
63 -2 0
63 64 8
63 66 8
63 144 8
63 306 8
63 792 8
63 2250 8
63 6624 8
64 -1 0
64 -2 0
64 70 7
64 226 7
64 550 7
64 1522 7
64 4438 7
64 13186 7
65 -1 0
65 -2 0
66 -1 0
66 -2 0
66 68 7
66 228 7
66 552 7
66 1524 7
66 4440 7
66 13188 7
67 -1 0
67 -2 0
68 -1 0
68 -2 0
68 149 6
68 311 6
68 797 6
68 2255 6
68 6629 6
69 -1 0
69 -2 0
70 -1 0
70 -2 0
70 151 6
70 313 6
70 799 6
70 2257 6
70 6631 6
71 -1 0
71 -2 0
72 -1 0
72 -2 0
73 -1 0
73 -2 0
74 -1 0
74 -2 0
75 -1 0
75 -2 0
76 -1 0
76 -2 0
76 157 6
76 319 6
76 805 6
76 2263 6
76 6637 6
77 -1 0
77 -2 0
78 -1 0
78 -2 0
79 -1 0
79 -2 0
80 -1 0
80 -2 0
81 -1 0
81 -2 0
81 83 9
81 87 9
81 99 9
81 135 9
81 567 9
81 1539 9
81 4455 9
81 13203 9
82 -1 0
82 -2 0
83 -1 0
83 -2 0
83 86 8
83 92 8
83 110 8
83 326 8
83 812 8
83 2270 8
83 6644 8
84 -1 0
84 -2 0
85 -1 0
85 -2 0
86 -1 0
86 -2 0
86 104 7
86 140 7
86 572 7
86 1544 7
86 4460 7
86 13208 7
87 -1 0
87 -2 0
87 88 8
87 96 8
87 114 8
87 330 8
87 816 8
87 2274 8
87 6648 8
88 -1 0
88 -2 0
88 106 7
88 142 7
88 574 7
88 1546 7
88 4462 7
88 13210 7
89 -1 0
89 -2 0
91 -1 0
91 -2 0
92 -1 0
92 -2 0
92 98 7
92 146 7
92 578 7
92 1550 7
92 4466 7
92 13214 7
94 -1 0
94 -2 0
95 -1 0
95 -2 0
97 -1 0
97 -2 0
98 -1 0
98 -2 0
98 125 6
98 341 6
98 827 6
98 2285 6
98 6659 6
101 -1 0
101 -2 0
104 -1 0
104 -2 0
104 131 6
104 347 6
104 833 6
104 2291 6
104 6665 6
107 -1 0
107 -2 0
111 -1 0
111 -2 0
112 -1 0
112 -2 0
113 -1 0
113 -2 0
114 -1 0
114 -2 0
114 116 7
114 132 7
114 600 7
114 1572 7
114 4488 7
114 13236 7
115 -1 0
115 -2 0
116 -1 0
116 -2 0
116 125 6
116 359 6
116 845 6
116 2303 6
116 6677 6
117 -1 0
117 -2 0
118 -1 0
118 -2 0
119 -1 0
119 -2 0
120 -1 0
120 -2 0
121 -1 0
121 -2 0
122 -1 0
122 -2 0
123 -1 0
123 -2 0
124 -1 0
124 -2 0
125 -1 0
125 -2 0
125 611 5
125 1583 5
125 4499 5
125 13247 5
126 -1 0
126 -2 0
126 128 7
126 132 7
126 612 7
126 1584 7
126 4500 7
126 13248 7
127 -1 0
127 -2 0
128 -1 0
128 -2 0
128 131 6
128 371 6
128 857 6
128 2315 6
128 6689 6
129 -1 0
129 -2 0
130 -1 0
130 -2 0
131 -1 0
131 -2 0
131 617 5
131 1589 5
131 4505 5
131 13253 5
132 -1 0
132 -2 0
132 133 6
132 375 6
132 861 6
132 2319 6
132 6693 6
133 -1 0
133 -2 0
133 619 5
133 1591 5
133 4507 5
133 13255 5
134 -1 0
134 -2 0
141 -1 0
141 -2 0
142 -1 0
142 -2 0
142 151 6
142 385 6
142 871 6
142 2329 6
142 6703 6
143 -1 0
143 -2 0
144 -1 0
144 -2 0
144 146 7
144 150 7
144 630 7
144 1602 7
144 4518 7
144 13266 7
145 -1 0
145 -2 0
146 -1 0
146 -2 0
146 149 6
146 389 6
146 875 6
146 2333 6
146 6707 6
147 -1 0
147 -2 0
148 -1 0
148 -2 0
149 -1 0
149 -2 0
149 635 5
149 1607 5
149 4523 5
149 13271 5
150 -1 0
150 -2 0
150 151 6
150 393 6
150 879 6
150 2337 6
150 6711 6
151 -1 0
151 -2 0
151 637 5
151 1609 5
151 4525 5
151 13273 5
152 -1 0
152 -2 0
153 -1 0
153 -2 0
154 -1 0
154 -2 0
154 157 6
154 397 6
154 883 6
154 2341 6
154 6715 6
155 -1 0
155 -2 0
156 -1 0
156 -2 0
156 157 6
156 399 6
156 885 6
156 2343 6
156 6717 6
157 -1 0
157 -2 0
157 643 5
157 1615 5
157 4531 5
157 13279 5
158 -1 0
158 -2 0
159 -1 0
159 -2 0
160 -1 0
160 -2 0
161 -1 0
161 -2 0
162 -1 0
162 -2 0
163 -1 0
163 -2 0
163 166 8
163 172 8
163 190 8
163 406 8
163 892 8
163 2350 8
163 6724 8
164 -1 0
164 -2 0
165 -1 0
165 -2 0
165 166 8
165 174 8
165 192 8
165 408 8
165 894 8
165 2352 8
165 6726 8
166 -1 0
166 -2 0
166 184 7
166 220 7
166 652 7
166 1624 7
166 4540 7
166 13288 7
167 -1 0
167 -2 0
168 -1 0
168 -2 0
169 -1 0
169 -2 0
170 -1 0
170 -2 0
172 -1 0
172 -2 0
172 178 7
172 226 7
172 658 7
172 1630 7
172 4546 7
172 13294 7
173 -1 0
173 -2 0
175 -1 0
175 -2 0
176 -1 0
176 -2 0
176 203 6
176 419 6
176 905 6
176 2363 6
176 6737 6
178 -1 0
178 -2 0
178 205 6
178 421 6
178 907 6
178 2365 6
178 6739 6
179 -1 0
179 -2 0
182 -1 0
182 -2 0
185 -1 0
185 -2 0
188 -1 0
188 -2 0
192 -1 0
192 -2 0
192 194 7
192 210 7
192 678 7
192 1650 7
192 4566 7
192 13314 7
193 -1 0
193 -2 0
194 -1 0
194 -2 0
194 203 6
194 437 6
194 923 6
194 2381 6
194 6755 6
195 -1 0
195 -2 0
196 -1 0
196 -2 0
196 205 6
196 439 6
196 925 6
196 2383 6
196 6757 6
197 -1 0
197 -2 0
198 -1 0
198 -2 0
198 200 7
198 204 7
198 684 7
198 1656 7
198 4572 7
198 13320 7
199 -1 0
199 -2 0
200 -1 0
200 -2 0
200 203 6
200 443 6
200 929 6
200 2387 6
200 6761 6
201 -1 0
201 -2 0
202 -1 0
202 -2 0
203 -1 0
203 -2 0
203 689 5
203 1661 5
203 4577 5
203 13325 5
204 -1 0
204 -2 0
204 205 6
204 447 6
204 933 6
204 2391 6
204 6765 6
205 -1 0
205 -2 0
205 691 5
205 1663 5
205 4579 5
205 13327 5
206 -1 0
206 -2 0
207 -1 0
207 -2 0
208 -1 0
208 -2 0
208 211 6
208 451 6
208 937 6
208 2395 6
208 6769 6
209 -1 0
209 -2 0
210 -1 0
210 -2 0
210 211 6
210 453 6
210 939 6
210 2397 6
210 6771 6
211 -1 0
211 -2 0
211 697 5
211 1669 5
211 4585 5
211 13333 5
212 -1 0
212 -2 0
213 -1 0
213 -2 0
214 -1 0
214 -2 0
215 -1 0
215 -2 0
222 -1 0
222 -2 0
223 -1 0
223 -2 0
224 -1 0
224 -2 0
225 -1 0
225 -2 0
226 -1 0
226 -2 0
226 229 6
226 469 6
226 955 6
226 2413 6
226 6787 6
227 -1 0
227 -2 0
228 -1 0
228 -2 0
228 229 6
228 471 6
228 957 6
228 2415 6
228 6789 6
229 -1 0
229 -2 0
230 -1 0
230 -2 0
231 -1 0
231 -2 0
232 -1 0
232 -2 0
233 -1 0
233 -2 0
234 -1 0
234 -2 0
235 -1 0
235 -2 0
236 -1 0
236 -2 0
237 -1 0
237 -2 0
238 -1 0
238 -2 0
239 -1 0
239 -2 0
240 -1 0
240 -2 0
241 -1 0
241 -2 0
242 -1 0
242 -2 0
270 -1 0
270 -2 0
271 -1 0
271 -2 0
272 -1 0
272 -2 0
272 278 7
272 290 7
272 434 7
272 1730 7
272 4646 7
272 13394 7
273 -1 0
273 -2 0
274 -1 0
274 -2 0
275 -1 0
275 -2 0
276 -1 0
276 -2 0
276 278 7
276 294 7
276 438 7
276 1734 7
276 4650 7
276 13398 7
277 -1 0
277 -2 0
278 -1 0
278 -2 0
278 287 6
278 359 6
278 1007 6
278 2465 6
278 6839 6
280 -1 0
280 -2 0
281 -1 0
281 -2 0
283 -1 0
283 -2 0
284 -1 0
284 -2 0
286 -1 0
286 -2 0
287 -1 0
287 -2 0
287 449 5
287 1745 5
287 4661 5
287 13409 5
290 -1 0
290 -2 0
290 293 6
290 371 6
290 1019 6
290 2477 6
290 6851 6
293 -1 0
293 -2 0
293 455 5
293 1751 5
293 4667 5
293 13415 5
296 -1 0
296 -2 0
297 -1 0
297 -2 0
297 298 8
297 300 8
297 306 8
297 378 8
297 1026 8
297 2484 8
297 6858 8
298 -1 0
298 -2 0
298 304 7
298 316 7
298 460 7
298 1756 7
298 4672 7
298 13420 7
299 -1 0
299 -2 0
300 -1 0
300 -2 0
300 302 7
300 318 7
300 462 7
300 1758 7
300 4674 7
300 13422 7
301 -1 0
301 -2 0
302 -1 0
302 -2 0
302 311 6
302 383 6
302 1031 6
302 2489 6
302 6863 6
303 -1 0
303 -2 0
304 -1 0
304 -2 0
304 313 6
304 385 6
304 1033 6
304 2491 6
304 6865 6
305 -1 0
305 -2 0
306 -1 0
306 -2 0
306 308 7
306 312 7
306 468 7
306 1764 7
306 4680 7
306 13428 7
307 -1 0
307 -2 0
308 -1 0
308 -2 0
308 311 6
308 389 6
308 1037 6
308 2495 6
308 6869 6
309 -1 0
309 -2 0
310 -1 0
310 -2 0
311 -1 0
311 -2 0
311 473 5
311 1769 5
311 4685 5
311 13433 5
312 -1 0
312 -2 0
312 313 6
312 393 6
312 1041 6
312 2499 6
312 6873 6
313 -1 0
313 -2 0
313 475 5
313 1771 5
313 4687 5
313 13435 5
314 -1 0
314 -2 0
315 -1 0
315 -2 0
316 -1 0
316 -2 0
316 319 6
316 397 6
316 1045 6
316 2503 6
316 6877 6
317 -1 0
317 -2 0
318 -1 0
318 -2 0
318 319 6
318 399 6
318 1047 6
318 2505 6
318 6879 6
319 -1 0
319 -2 0
319 481 5
319 1777 5
319 4693 5
319 13441 5
320 -1 0
320 -2 0
321 -1 0
321 -2 0
322 -1 0
322 -2 0
323 -1 0
323 -2 0
351 -1 0
351 -2 0
352 -1 0
352 -2 0
353 -1 0
353 -2 0
354 -1 0
354 -2 0
355 -1 0
355 -2 0
356 -1 0
356 -2 0
357 -1 0
357 -2 0
358 -1 0
358 -2 0
359 -1 0
359 -2 0
361 -1 0
361 -2 0
362 -1 0
362 -2 0
364 -1 0
364 -2 0
365 -1 0
365 -2 0
367 -1 0
367 -2 0
368 -1 0
368 -2 0
371 -1 0
371 -2 0
374 -1 0
374 -2 0
377 -1 0
377 -2 0
378 -1 0
378 -2 0
378 380 7
378 384 7
378 396 7
378 1836 7
378 4752 7
378 13500 7
379 -1 0
379 -2 0
380 -1 0
380 -2 0
380 383 6
380 389 6
380 1109 6
380 2567 6
380 6941 6
381 -1 0
381 -2 0
382 -1 0
382 -2 0
383 -1 0
383 -2 0
383 401 5
383 1841 5
383 4757 5
383 13505 5
384 -1 0
384 -2 0
384 385 6
384 393 6
384 1113 6
384 2571 6
384 6945 6
385 -1 0
385 -2 0
385 403 5
385 1843 5
385 4759 5
385 13507 5
386 -1 0
386 -2 0
387 -1 0
387 -2 0
388 -1 0
388 -2 0
389 -1 0
389 -2 0
389 395 5
389 1847 5
389 4763 5
389 13511 5
390 -1 0
390 -2 0
391 -1 0
391 -2 0
392 -1 0
392 -2 0
393 -1 0
393 -2 0
393 395 5
393 1851 5
393 4767 5
393 13515 5
394 -1 0
394 -2 0
395 -1 0
395 -2 0
395 1124 4
395 2582 4
395 6956 4
396 -1 0
396 -2 0
396 397 6
396 399 6
396 1125 6
396 2583 6
396 6957 6
397 -1 0
397 -2 0
397 403 5
397 1855 5
397 4771 5
397 13519 5
398 -1 0
398 -2 0
399 -1 0
399 -2 0
399 401 5
399 1857 5
399 4773 5
399 13521 5
400 -1 0
400 -2 0
401 -1 0
401 -2 0
401 1130 4
401 2588 4
401 6962 4
402 -1 0
402 -2 0
403 -1 0
403 -2 0
403 1132 4
403 2590 4
403 6964 4
404 -1 0
404 -2 0
432 -1 0
432 -2 0
432 434 7
432 438 7
432 450 7
432 1890 7
432 4806 7
432 13554 7
433 -1 0
433 -2 0
434 -1 0
434 -2 0
434 437 6
434 443 6
434 1163 6
434 2621 6
434 6995 6
435 -1 0
435 -2 0
436 -1 0
436 -2 0
437 -1 0
437 -2 0
437 455 5
437 1895 5
437 4811 5
437 13559 5
438 -1 0
438 -2 0
438 439 6
438 447 6
438 1167 6
438 2625 6
438 6999 6
439 -1 0
439 -2 0
439 457 5
439 1897 5
439 4813 5
439 13561 5
440 -1 0
440 -2 0
442 -1 0
442 -2 0
443 -1 0
443 -2 0
443 449 5
443 1901 5
443 4817 5
443 13565 5
445 -1 0
445 -2 0
446 -1 0
446 -2 0
448 -1 0
448 -2 0
449 -1 0
449 -2 0
449 1178 4
449 2636 4
449 7010 4
452 -1 0
452 -2 0
455 -1 0
455 -2 0
455 1184 4
455 2642 4
455 7016 4
458 -1 0
458 -2 0
459 -1 0
459 -2 0
460 -1 0
460 -2 0
460 463 6
460 469 6
460 1189 6
460 2647 6
460 7021 6
461 -1 0
461 -2 0
462 -1 0
462 -2 0
462 463 6
462 471 6
462 1191 6
462 2649 6
462 7023 6
463 -1 0
463 -2 0
463 481 5
463 1921 5
463 4837 5
463 13585 5
464 -1 0
464 -2 0
465 -1 0
465 -2 0
466 -1 0
466 -2 0
467 -1 0
467 -2 0
468 -1 0
468 -2 0
468 469 6
468 471 6
468 1197 6
468 2655 6
468 7029 6
469 -1 0
469 -2 0
469 475 5
469 1927 5
469 4843 5
469 13591 5
470 -1 0
470 -2 0
471 -1 0
471 -2 0
471 473 5
471 1929 5
471 4845 5
471 13593 5
472 -1 0
472 -2 0
473 -1 0
473 -2 0
473 1202 4
473 2660 4
473 7034 4
474 -1 0
474 -2 0
475 -1 0
475 -2 0
475 1204 4
475 2662 4
475 7036 4
476 -1 0
476 -2 0
477 -1 0
477 -2 0
478 -1 0
478 -2 0
479 -1 0
479 -2 0
480 -1 0
480 -2 0
481 -1 0
481 -2 0
481 1210 4
481 2668 4
481 7042 4
482 -1 0
482 -2 0
483 -1 0
483 -2 0
484 -1 0
484 -2 0
485 -1 0
485 -2 0
540 -1 0
540 -2 0
541 -1 0
541 -2 0
542 -1 0
542 -2 0
543 -1 0
543 -2 0
544 -1 0
544 -2 0
544 553 6
544 625 6
544 1273 6
544 2731 6
544 7105 6
545 -1 0
545 -2 0
546 -1 0
546 -2 0
547 -1 0
547 -2 0
548 -1 0
548 -2 0
550 -1 0
550 -2 0
550 553 6
550 631 6
550 1279 6
550 2737 6
550 7111 6
551 -1 0
551 -2 0
553 -1 0
553 -2 0
554 -1 0
554 -2 0
556 -1 0
556 -2 0
557 -1 0
557 -2 0
560 -1 0
560 -2 0
563 -1 0
563 -2 0
566 -1 0
566 -2 0
621 -1 0
621 -2 0
622 -1 0
622 -2 0
622 625 6
622 631 6
622 1351 6
622 2809 6
622 7183 6
623 -1 0
623 -2 0
624 -1 0
624 -2 0
624 625 6
624 633 6
624 1353 6
624 2811 6
624 7185 6
625 -1 0
625 -2 0
625 643 5
625 2083 5
625 4999 5
625 13747 5
626 -1 0
626 -2 0
627 -1 0
627 -2 0
628 -1 0
628 -2 0
629 -1 0
629 -2 0
631 -1 0
631 -2 0
631 637 5
631 2089 5
631 5005 5
631 13753 5
632 -1 0
632 -2 0
634 -1 0
634 -2 0
635 -1 0
635 -2 0
635 1364 4
635 2822 4
635 7196 4
637 -1 0
637 -2 0
637 1366 4
637 2824 4
637 7198 4
638 -1 0
638 -2 0
641 -1 0
641 -2 0
644 -1 0
644 -2 0
647 -1 0
647 -2 0
702 -1 0
702 -2 0
703 -1 0
703 -2 0
704 -1 0
704 -2 0
705 -1 0
705 -2 0
706 -1 0
706 -2 0
707 -1 0
707 -2 0
708 -1 0
708 -2 0
709 -1 0
709 -2 0
710 -1 0
710 -2 0
712 -1 0
712 -2 0
713 -1 0
713 -2 0
715 -1 0
715 -2 0
716 -1 0
716 -2 0
718 -1 0
718 -2 0
719 -1 0
719 -2 0
722 -1 0
722 -2 0
725 -1 0
725 -2 0
728 -1 0
728 -2 0
738 -1 0
738 -2 0
739 -1 0
739 -2 0
740 -1 0
740 -2 0
740 746 7
740 794 7
740 902 7
740 1226 7
740 5114 7
740 13862 7
741 -1 0
741 -2 0
742 -1 0
742 -2 0
743 -1 0
743 -2 0
744 -1 0
744 -2 0
744 746 7
744 798 7
744 906 7
744 1230 7
744 5118 7
744 13866 7
745 -1 0
745 -2 0
746 -1 0
746 -2 0
746 773 6
746 827 6
746 989 6
746 2933 6
746 7307 6
747 -1 0
747 -2 0
747 748 8
747 750 8
747 774 8
747 828 8
747 990 8
747 2934 8
747 7308 8
748 -1 0
748 -2 0
748 754 7
748 802 7
748 910 7
748 1234 7
748 5122 7
748 13870 7
749 -1 0
749 -2 0
750 -1 0
750 -2 0
750 752 7
750 804 7
750 912 7
750 1236 7
750 5124 7
750 13872 7
751 -1 0
751 -2 0
752 -1 0
752 -2 0
752 779 6
752 833 6
752 995 6
752 2939 6
752 7313 6
753 -1 0
753 -2 0
754 -1 0
754 -2 0
754 781 6
754 835 6
754 997 6
754 2941 6
754 7315 6
755 -1 0
755 -2 0
768 -1 0
768 -2 0
769 -1 0
769 -2 0
770 -1 0
770 -2 0
771 -1 0
771 -2 0
772 -1 0
772 -2 0
773 -1 0
773 -2 0
773 935 5
773 1259 5
773 5147 5
773 13895 5
774 -1 0
774 -2 0
774 776 7
774 780 7
774 936 7
774 1260 7
774 5148 7
774 13896 7
775 -1 0
775 -2 0
776 -1 0
776 -2 0
776 779 6
776 857 6
776 1019 6
776 2963 6
776 7337 6
777 -1 0
777 -2 0
778 -1 0
778 -2 0
779 -1 0
779 -2 0
779 941 5
779 1265 5
779 5153 5
779 13901 5
780 -1 0
780 -2 0
780 781 6
780 861 6
780 1023 6
780 2967 6
780 7341 6
781 -1 0
781 -2 0
782 -1 0
782 -2 0
798 -1 0
798 -2 0
798 799 6
798 879 6
798 1041 6
798 2985 6
798 7359 6
799 -1 0
799 -2 0
799 961 5
799 1285 5
799 5173 5
799 13921 5
800 -1 0
800 -2 0
801 -1 0
801 -2 0
802 -1 0
802 -2 0
802 805 6
802 883 6
802 1045 6
802 2989 6
802 7363 6
803 -1 0
803 -2 0
804 -1 0
804 -2 0
804 805 6
804 885 6
804 1047 6
804 2991 6
804 7365 6
805 -1 0
805 -2 0
805 967 5
805 1291 5
805 5179 5
805 13927 5
806 -1 0
806 -2 0
807 -1 0
807 -2 0
808 -1 0
808 -2 0
809 -1 0
809 -2 0
819 -1 0
819 -2 0
820 -1 0
820 -2 0
821 -1 0
821 -2 0
822 -1 0
822 -2 0
823 -1 0
823 -2 0
824 -1 0
824 -2 0
825 -1 0
825 -2 0
826 -1 0
826 -2 0
827 -1 0
827 -2 0
828 -1 0
828 -2 0
828 830 7
828 834 7
828 882 7
828 1314 7
828 5202 7
828 13950 7
829 -1 0
829 -2 0
830 -1 0
830 -2 0
830 833 6
830 857 6
830 1073 6
830 3017 6
830 7391 6
831 -1 0
831 -2 0
832 -1 0
832 -2 0
833 -1 0
833 -2 0
833 887 5
833 1319 5
833 5207 5
833 13955 5
834 -1 0
834 -2 0
834 835 6
834 861 6
834 1077 6
834 3021 6
834 7395 6
835 -1 0
835 -2 0
835 889 5
835 1321 5
835 5209 5
835 13957 5
836 -1 0
836 -2 0
849 -1 0
849 -2 0
850 -1 0
850 -2 0
851 -1 0
851 -2 0
852 -1 0
852 -2 0
853 -1 0
853 -2 0
854 -1 0
854 -2 0
855 -1 0
855 -2 0
856 -1 0
856 -2 0
857 -1 0
857 -2 0
857 863 5
857 1343 5
857 5231 5
857 13979 5
858 -1 0
858 -2 0
859 -1 0
859 -2 0
860 -1 0
860 -2 0
861 -1 0
861 -2 0
861 863 5
861 1347 5
861 5235 5
861 13983 5
862 -1 0
862 -2 0
863 -1 0
863 -2 0
879 -1 0
879 -2 0
880 -1 0
880 -2 0
881 -1 0
881 -2 0
881 1124 4
881 3068 4
881 7442 4
882 -1 0
882 -2 0
882 883 6
882 885 6
882 1125 6
882 3069 6
882 7443 6
883 -1 0
883 -2 0
883 889 5
883 1369 5
883 5257 5
883 14005 5
884 -1 0
884 -2 0
885 -1 0
885 -2 0
885 887 5
885 1371 5
885 5259 5
885 14007 5
886 -1 0
886 -2 0
887 -1 0
887 -2 0
887 1130 4
887 3074 4
887 7448 4
888 -1 0
888 -2 0
889 -1 0
889 -2 0
889 1132 4
889 3076 4
889 7450 4
890 -1 0
890 -2 0
900 -1 0
900 -2 0
900 902 7
900 906 7
900 954 7
900 1386 7
900 5274 7
900 14022 7
901 -1 0
901 -2 0
902 -1 0
902 -2 0
902 905 6
902 929 6
902 1145 6
902 3089 6
902 7463 6
903 -1 0
903 -2 0
904 -1 0
904 -2 0
905 -1 0
905 -2 0
905 959 5
905 1391 5
905 5279 5
905 14027 5
906 -1 0
906 -2 0
906 907 6
906 933 6
906 1149 6
906 3093 6
906 7467 6
907 -1 0
907 -2 0
907 961 5
907 1393 5
907 5281 5
907 14029 5
908 -1 0
908 -2 0
909 -1 0
909 -2 0
910 -1 0
910 -2 0
910 913 6
910 937 6
910 1153 6
910 3097 6
910 7471 6
911 -1 0
911 -2 0
912 -1 0
912 -2 0
912 913 6
912 939 6
912 1155 6
912 3099 6
912 7473 6
913 -1 0
913 -2 0
913 967 5
913 1399 5
913 5287 5
913 14035 5
914 -1 0
914 -2 0
915 -1 0
915 -2 0
916 -1 0
916 -2 0
917 -1 0
917 -2 0
930 -1 0
930 -2 0
931 -1 0
931 -2 0
932 -1 0
932 -2 0
933 -1 0
933 -2 0
933 935 5
933 1419 5
933 5307 5
933 14055 5
934 -1 0
934 -2 0
935 -1 0
935 -2 0
935 1178 4
935 3122 4
935 7496 4
936 -1 0
936 -2 0
936 937 6
936 939 6
936 1179 6
936 3123 6
936 7497 6
937 -1 0
937 -2 0
938 -1 0
938 -2 0
939 -1 0
939 -2 0
939 941 5
939 1425 5
939 5313 5
939 14061 5
940 -1 0
940 -2 0
941 -1 0
941 -2 0
941 1184 4
941 3128 4
941 7502 4
942 -1 0
942 -2 0
943 -1 0
943 -2 0
943 1186 4
943 3130 4
943 7504 4
944 -1 0
944 -2 0
960 -1 0
960 -2 0
961 -1 0
961 -2 0
961 1204 4
961 3148 4
961 7522 4
962 -1 0
962 -2 0
963 -1 0
963 -2 0
964 -1 0
964 -2 0
965 -1 0
965 -2 0
966 -1 0
966 -2 0
967 -1 0
967 -2 0
967 1210 4
967 3154 4
967 7528 4
968 -1 0
968 -2 0
969 -1 0
969 -2 0
970 -1 0
970 -2 0
971 -1 0
971 -2 0
973 -1 0
973 -2 0
974 -1 0
974 -2 0
974 980 7
974 992 7
974 1028 7
974 1136 7
974 5348 7
974 14096 7
975 -1 0
975 -2 0
976 -1 0
976 -2 0
977 -1 0
977 -2 0
978 -1 0
978 -2 0
978 980 7
978 996 7
978 1032 7
978 1140 7
978 5352 7
978 14100 7
979 -1 0
979 -2 0
980 -1 0
980 -2 0
980 989 6
980 1007 6
980 1061 6
980 3167 6
980 7541 6
982 -1 0
982 -2 0
983 -1 0
983 -2 0
984 -1 0
984 -2 0
985 -1 0
985 -2 0
986 -1 0
986 -2 0
987 -1 0
987 -2 0
988 -1 0
988 -2 0
989 -1 0
989 -2 0
989 1043 5
989 1151 5
989 5363 5
989 14111 5
991 -1 0
991 -2 0
992 -1 0
992 -2 0
992 995 6
992 1019 6
992 1073 6
992 3179 6
992 7553 6
993 -1 0
993 -2 0
994 -1 0
994 -2 0
995 -1 0
995 -2 0
995 1049 5
995 1157 5
995 5369 5
995 14117 5
996 -1 0
996 -2 0
996 997 6
996 1023 6
996 1077 6
996 3183 6
996 7557 6
997 -1 0
997 -2 0
997 1051 5
997 1159 5
997 5371 5
997 14119 5
998 -1 0
998 -2 0
1000 -1 0
1000 -2 0
1001 -1 0
1001 -2 0
1002 -1 0
1002 -2 0
1003 -1 0
1003 -2 0
1004 -1 0
1004 -2 0
1005 -1 0
1005 -2 0
1006 -1 0
1006 -2 0
1007 -1 0
1007 -2 0
1007 1025 5
1007 1169 5
1007 5381 5
1007 14129 5
1008 -1 0
1008 -2 0
1009 -1 0
1009 -2 0
1010 -1 0
1010 -2 0
1011 -1 0
1011 -2 0
1012 -1 0
1012 -2 0
1013 -1 0
1013 -2 0
1014 -1 0
1014 -2 0
1015 -1 0
1015 -2 0
1016 -1 0
1016 -2 0
1017 -1 0
1017 -2 0
1018 -1 0
1018 -2 0
1019 -1 0
1019 -2 0
1019 1025 5
1019 1181 5
1019 5393 5
1019 14141 5
1020 -1 0
1020 -2 0
1021 -1 0
1021 -2 0
1022 -1 0
1022 -2 0
1023 -1 0
1023 -2 0
1023 1025 5
1023 1185 5
1023 5397 5
1023 14145 5
1024 -1 0
1024 -2 0
1025 -1 0
1025 -2 0
1027 -1 0
1027 -2 0
1028 -1 0
1028 -2 0
1028 1031 6
1028 1037 6
1028 1109 6
1028 3215 6
1028 7589 6
1029 -1 0
1029 -2 0
1030 -1 0
1030 -2 0
1031 -1 0
1031 -2 0
1031 1049 5
1031 1193 5
1031 5405 5
1031 14153 5
1032 -1 0
1032 -2 0
1032 1033 6
1032 1041 6
1032 1113 6
1032 3219 6
1032 7593 6
1033 -1 0
1033 -2 0
1033 1051 5
1033 1195 5
1033 5407 5
1033 14155 5
1034 -1 0
1034 -2 0
1035 -1 0
1035 -2 0
1036 -1 0
1036 -2 0
1037 -1 0
1037 -2 0
1037 1043 5
1037 1199 5
1037 5411 5
1037 14159 5
1038 -1 0
1038 -2 0
1039 -1 0
1039 -2 0
1040 -1 0
1040 -2 0
1041 -1 0
1041 -2 0
1041 1043 5
1041 1203 5
1041 5415 5
1041 14163 5
1042 -1 0
1042 -2 0
1043 -1 0
1043 -2 0
1043 1124 4
1043 3230 4
1043 7604 4
1044 -1 0
1044 -2 0
1044 1045 6
1044 1047 6
1044 1125 6
1044 3231 6
1044 7605 6
1045 -1 0
1045 -2 0
1045 1051 5
1045 1207 5
1045 5419 5
1045 14167 5
1046 -1 0
1046 -2 0
1047 -1 0
1047 -2 0
1047 1049 5
1047 1209 5
1047 5421 5
1047 14169 5
1048 -1 0
1048 -2 0
1049 -1 0
1049 -2 0
1049 1130 4
1049 3236 4
1049 7610 4
1050 -1 0
1050 -2 0
1051 -1 0
1051 -2 0
1051 1132 4
1051 3238 4
1051 7612 4
1052 -1 0
1052 -2 0
1054 -1 0
1054 -2 0
1055 -1 0
1055 -2 0
1056 -1 0
1056 -2 0
1057 -1 0
1057 -2 0
1058 -1 0
1058 -2 0
1059 -1 0
1059 -2 0
1060 -1 0
1060 -2 0
1061 -1 0
1061 -2 0
1061 1079 5
1061 1115 5
1061 5435 5
1061 14183 5
1063 -1 0
1063 -2 0
1064 -1 0
1064 -2 0
1065 -1 0
1065 -2 0
1066 -1 0
1066 -2 0
1067 -1 0
1067 -2 0
1068 -1 0
1068 -2 0
1069 -1 0
1069 -2 0
1070 -1 0
1070 -2 0
1072 -1 0
1072 -2 0
1073 -1 0
1073 -2 0
1073 1079 5
1073 1127 5
1073 5447 5
1073 14195 5
1074 -1 0
1074 -2 0
1075 -1 0
1075 -2 0
1076 -1 0
1076 -2 0
1077 -1 0
1077 -2 0
1077 1079 5
1077 1131 5
1077 5451 5
1077 14199 5
1078 -1 0
1078 -2 0
1079 -1 0
1079 -2 0
1081 -1 0
1081 -2 0
1082 -1 0
1082 -2 0
1083 -1 0
1083 -2 0
1084 -1 0
1084 -2 0
1085 -1 0
1085 -2 0
1086 -1 0
1086 -2 0
1087 -1 0
1087 -2 0
1088 -1 0
1088 -2 0
1089 -1 0
1089 -2 0
1090 -1 0
1090 -2 0
1091 -1 0
1091 -2 0
1092 -1 0
1092 -2 0
1093 -1 0
1093 -2 0
1094 -1 0
1094 -2 0
1095 -1 0
1095 -2 0
1096 -1 0
1096 -2 0
1097 -1 0
1097 -2 0
1098 -1 0
1098 -2 0
1099 -1 0
1099 -2 0
1100 -1 0
1100 -2 0
1101 -1 0
1101 -2 0
1102 -1 0
1102 -2 0
1103 -1 0
1103 -2 0
1104 -1 0
1104 -2 0
1105 -1 0
1105 -2 0
1106 -1 0
1106 -2 0
1108 -1 0
1108 -2 0
1109 -1 0
1109 -2 0
1109 1115 5
1109 1127 5
1109 5483 5
1109 14231 5
1110 -1 0
1110 -2 0
1111 -1 0
1111 -2 0
1112 -1 0
1112 -2 0
1113 -1 0
1113 -2 0
1113 1115 5
1113 1131 5
1113 5487 5
1113 14235 5
1114 -1 0
1114 -2 0
1115 -1 0
1115 -2 0
1115 1124 4
1115 3302 4
1115 7676 4
1116 -1 0
1116 -2 0
1117 -1 0
1117 -2 0
1118 -1 0
1118 -2 0
1119 -1 0
1119 -2 0
1120 -1 0
1120 -2 0
1121 -1 0
1121 -2 0
1122 -1 0
1122 -2 0
1123 -1 0
1123 -2 0
1124 -1 0
1124 -2 0
1125 -1 0
1125 -2 0
1125 1127 5
1125 1131 5
1125 5499 5
1125 14247 5
1126 -1 0
1126 -2 0
1127 -1 0
1127 -2 0
1127 1130 4
1127 3314 4
1127 7688 4
1128 -1 0
1128 -2 0
1129 -1 0
1129 -2 0
1130 -1 0
1130 -2 0
1130 5504 3
1130 14252 3
1131 -1 0
1131 -2 0
1131 1132 4
1131 3318 4
1131 7692 4
1132 -1 0
1132 -2 0
1132 5506 3
1132 14254 3
1133 -1 0
1133 -2 0
1135 -1 0
1135 -2 0
1136 -1 0
1136 -2 0
1136 1139 6
1136 1145 6
1136 1163 6
1136 3323 6
1136 7697 6
1137 -1 0
1137 -2 0
1138 -1 0
1138 -2 0
1139 -1 0
1139 -2 0
1139 1157 5
1139 1193 5
1139 5513 5
1139 14261 5
1140 -1 0
1140 -2 0
1140 1141 6
1140 1149 6
1140 1167 6
1140 3327 6
1140 7701 6
1141 -1 0
1141 -2 0
1141 1159 5
1141 1195 5
1141 5515 5
1141 14263 5
1142 -1 0
1142 -2 0
1144 -1 0
1144 -2 0
1145 -1 0
1145 -2 0
1145 1151 5
1145 1199 5
1145 5519 5
1145 14267 5
1146 -1 0
1146 -2 0
1147 -1 0
1147 -2 0
1148 -1 0
1148 -2 0
1149 -1 0
1149 -2 0
1149 1151 5
1149 1203 5
1149 5523 5
1149 14271 5
1150 -1 0
1150 -2 0
1151 -1 0
1151 -2 0
1151 1178 4
1151 3338 4
1151 7712 4
1153 -1 0
1153 -2 0
1153 1159 5
1153 1207 5
1153 5527 5
1153 14275 5
1154 -1 0
1154 -2 0
1155 -1 0
1155 -2 0
1155 1157 5
1155 1209 5
1155 5529 5
1155 14277 5
1156 -1 0
1156 -2 0
1157 -1 0
1157 -2 0
1157 1184 4
1157 3344 4
1157 7718 4
1158 -1 0
1158 -2 0
1159 -1 0
1159 -2 0
1159 1186 4
1159 3346 4
1159 7720 4
1160 -1 0
1160 -2 0
1162 -1 0
1162 -2 0
1163 -1 0
1163 -2 0
1163 1169 5
1163 1181 5
1163 5537 5
1163 14285 5
1164 -1 0
1164 -2 0
1165 -1 0
1165 -2 0
1166 -1 0
1166 -2 0
1167 -1 0
1167 -2 0
1167 1169 5
1167 1185 5
1167 5541 5
1167 14289 5
1168 -1 0
1168 -2 0
1169 -1 0
1169 -2 0
1169 1178 4
1169 3356 4
1169 7730 4
1170 -1 0
1170 -2 0
1171 -1 0
1171 -2 0
1172 -1 0
1172 -2 0
1173 -1 0
1173 -2 0
1174 -1 0
1174 -2 0
1175 -1 0
1175 -2 0
1176 -1 0
1176 -2 0
1177 -1 0
1177 -2 0
1178 -1 0
1178 -2 0
1178 5552 3
1178 14300 3
1179 -1 0
1179 -2 0
1179 1181 5
1179 1185 5
1179 5553 5
1179 14301 5
1180 -1 0
1180 -2 0
1181 -1 0
1181 -2 0
1181 1184 4
1181 3368 4
1181 7742 4
1182 -1 0
1182 -2 0
1183 -1 0
1183 -2 0
1184 -1 0
1184 -2 0
1184 5558 3
1184 14306 3
1185 -1 0
1185 -2 0
1185 1186 4
1185 3372 4
1185 7746 4
1186 -1 0
1186 -2 0
1187 -1 0
1187 -2 0
1189 -1 0
1189 -2 0
1189 1195 5
1189 1207 5
1189 5563 5
1189 14311 5
1190 -1 0
1190 -2 0
1191 -1 0
1191 -2 0
1191 1193 5
1191 1209 5
1191 5565 5
1191 14313 5
1192 -1 0
1192 -2 0
1193 -1 0
1193 -2 0
1193 1202 4
1193 3380 4
1193 7754 4
1194 -1 0
1194 -2 0
1195 -1 0
1195 -2 0
1195 1204 4
1195 3382 4
1195 7756 4
1196 -1 0
1196 -2 0
1197 -1 0
1197 -2 0
1197 1199 5
1197 1203 5
1197 5571 5
1197 14319 5
1198 -1 0
1198 -2 0
1199 -1 0
1199 -2 0
1199 1202 4
1199 3386 4
1199 7760 4
1200 -1 0
1200 -2 0
1201 -1 0
1201 -2 0
1202 -1 0
1202 -2 0
1202 5576 3
1202 14324 3
1203 -1 0
1203 -2 0
1203 1204 4
1203 3390 4
1203 7764 4
1204 -1 0
1204 -2 0
1204 5578 3
1204 14326 3
1205 -1 0
1205 -2 0
1206 -1 0
1206 -2 0
1207 -1 0
1207 -2 0
1207 1210 4
1207 3394 4
1207 7768 4
1208 -1 0
1208 -2 0
1209 -1 0
1209 -2 0
1209 1210 4
1209 3396 4
1209 7770 4
1210 -1 0
1210 -2 0
1210 5584 3
1210 14332 3
1211 -1 0
1211 -2 0
1212 -1 0
1212 -2 0
1213 -1 0
1213 -2 0
1214 -1 0
1214 -2 0
1216 -1 0
1216 -2 0
1216 1222 7
1216 1234 7
1216 1270 7
1216 1378 7
1216 5590 7
1216 14338 7
1217 -1 0
1217 -2 0
1219 -1 0
1219 -2 0
1220 -1 0
1220 -2 0
1220 1229 6
1220 1247 6
1220 1301 6
1220 3407 6
1220 7781 6
1221 -1 0
1221 -2 0
1222 -1 0
1222 -2 0
1222 1231 6
1222 1249 6
1222 1303 6
1222 3409 6
1222 7783 6
1223 -1 0
1223 -2 0
1225 -1 0
1225 -2 0
1226 -1 0
1226 -2 0
1226 1229 6
1226 1253 6
1226 1307 6
1226 3413 6
1226 7787 6
1228 -1 0
1228 -2 0
1229 -1 0
1229 -2 0
1229 1283 5
1229 1391 5
1229 5603 5
1229 14351 5
1230 -1 0
1230 -2 0
1230 1231 6
1230 1257 6
1230 1311 6
1230 3417 6
1230 7791 6
1231 -1 0
1231 -2 0
1231 1285 5
1231 1393 5
1231 5605 5
1231 14353 5
1232 -1 0
1232 -2 0
1234 -1 0
1234 -2 0
1234 1237 6
1234 1261 6
1234 1315 6
1234 3421 6
1234 7795 6
1235 -1 0
1235 -2 0
1237 -1 0
1237 -2 0
1237 1291 5
1237 1399 5
1237 5611 5
1237 14359 5
1238 -1 0
1238 -2 0
1239 -1 0
1239 -2 0
1240 -1 0
1240 -2 0
1241 -1 0
1241 -2 0
1243 -1 0
1243 -2 0
1244 -1 0
1244 -2 0
1244 1247 6
1244 1253 6
1244 1325 6
1244 3431 6
1244 7805 6
1245 -1 0
1245 -2 0
1246 -1 0
1246 -2 0
1247 -1 0
1247 -2 0
1247 1265 5
1247 1409 5
1247 5621 5
1247 14369 5
1248 -1 0
1248 -2 0
1248 1249 6
1248 1257 6
1248 1329 6
1248 3435 6
1248 7809 6
1249 -1 0
1249 -2 0
1250 -1 0
1250 -2 0
1252 -1 0
1252 -2 0
1253 -1 0
1253 -2 0
1253 1259 5
1253 1415 5
1253 5627 5
1253 14375 5
1254 -1 0
1254 -2 0
1255 -1 0
1255 -2 0
1256 -1 0
1256 -2 0
1257 -1 0
1257 -2 0
1257 1259 5
1257 1419 5
1257 5631 5
1257 14379 5
1258 -1 0
1258 -2 0
1259 -1 0
1259 -2 0
1259 1340 4
1259 3446 4
1259 7820 4
1260 -1 0
1260 -2 0
1260 1261 6
1260 1263 6
1260 1341 6
1260 3447 6
1260 7821 6
1261 -1 0
1261 -2 0
1262 -1 0
1262 -2 0
1263 -1 0
1263 -2 0
1263 1265 5
1263 1425 5
1263 5637 5
1263 14385 5
1264 -1 0
1264 -2 0
1265 -1 0
1265 -2 0
1265 1346 4
1265 3452 4
1265 7826 4
1266 -1 0
1266 -2 0
1267 -1 0
1267 -2 0
1267 1348 4
1267 3454 4
1267 7828 4
1268 -1 0
1268 -2 0
1270 -1 0
1270 -2 0
1270 1273 6
1270 1279 6
1270 1351 6
1270 3457 6
1270 7831 6
1271 -1 0
1271 -2 0
1272 -1 0
1272 -2 0
1272 1273 6
1272 1281 6
1272 1353 6
1272 3459 6
1272 7833 6
1273 -1 0
1273 -2 0
1273 1291 5
1273 1435 5
1273 5647 5
1273 14395 5
1274 -1 0
1274 -2 0
1275 -1 0
1275 -2 0
1276 -1 0
1276 -2 0
1277 -1 0
1277 -2 0
1278 -1 0
1278 -2 0
1278 1279 6
1278 1281 6
1278 1359 6
1278 3465 6
1278 7839 6
1279 -1 0
1279 -2 0
1279 1285 5
1279 1441 5
1279 5653 5
1279 14401 5
1280 -1 0
1280 -2 0
1281 -1 0
1281 -2 0
1281 1283 5
1281 1443 5
1281 5655 5
1281 14403 5
1282 -1 0
1282 -2 0
1283 -1 0
1283 -2 0
1283 1364 4
1283 3470 4
1283 7844 4
1284 -1 0
1284 -2 0
1285 -1 0
1285 -2 0
1285 1366 4
1285 3472 4
1285 7846 4
1286 -1 0
1286 -2 0
1287 -1 0
1287 -2 0
1288 -1 0
1288 -2 0
1289 -1 0
1289 -2 0
1290 -1 0
1290 -2 0
1291 -1 0
1291 -2 0
1291 1372 4
1291 3478 4
1291 7852 4
1292 -1 0
1292 -2 0
1293 -1 0
1293 -2 0
1294 -1 0
1294 -2 0
1295 -1 0
1295 -2 0
1297 -1 0
1297 -2 0
1298 -1 0
1298 -2 0
1298 1301 6
1298 1307 6
1298 1325 6
1298 3485 6
1298 7859 6
1300 -1 0
1300 -2 0
1301 -1 0
1301 -2 0
1301 1319 5
1301 1355 5
1301 5675 5
1301 14423 5
1302 -1 0
1302 -2 0
1302 1303 6
1302 1311 6
1302 1329 6
1302 3489 6
1302 7863 6
1303 -1 0
1303 -2 0
1303 1321 5
1303 1357 5
1303 5677 5
1303 14425 5
1304 -1 0
1304 -2 0
1306 -1 0
1306 -2 0
1307 -1 0
1307 -2 0
1309 -1 0
1309 -2 0
1310 -1 0
1310 -2 0
1311 -1 0
1311 -2 0
1312 -1 0
1312 -2 0
1313 -1 0
1313 -2 0
1313 1340 4
1313 3500 4
1313 7874 4
1315 -1 0
1315 -2 0
1315 1321 5
1315 1369 5
1315 5689 5
1315 14437 5
1316 -1 0
1316 -2 0
1318 -1 0
1318 -2 0
1319 -1 0
1319 -2 0
1319 1346 4
1319 3506 4
1319 7880 4
1320 -1 0
1320 -2 0
1321 -1 0
1321 -2 0
1321 1348 4
1321 3508 4
1321 7882 4
1322 -1 0
1322 -2 0
1324 -1 0
1324 -2 0
1325 -1 0
1325 -2 0
1325 1331 5
1325 1343 5
1325 5699 5
1325 14447 5
1326 -1 0
1326 -2 0
1327 -1 0
1327 -2 0
1328 -1 0
1328 -2 0
1329 -1 0
1329 -2 0
1329 1331 5
1329 1347 5
1329 5703 5
1329 14451 5
1330 -1 0
1330 -2 0
1331 -1 0
1331 -2 0
1331 1340 4
1331 3518 4
1331 7892 4
1333 -1 0
1333 -2 0
1334 -1 0
1334 -2 0
1335 -1 0
1335 -2 0
1336 -1 0
1336 -2 0
1337 -1 0
1337 -2 0
1338 -1 0
1338 -2 0
1339 -1 0
1339 -2 0
1340 -1 0
1340 -2 0
1341 -1 0
1341 -2 0
1341 1343 5
1341 1347 5
1341 5715 5
1341 14463 5
1342 -1 0
1342 -2 0
1343 -1 0
1343 -2 0
1343 1346 4
1343 3530 4
1343 7904 4
1344 -1 0
1344 -2 0
1345 -1 0
1345 -2 0
1346 -1 0
1346 -2 0
1346 5720 3
1346 14468 3
1347 -1 0
1347 -2 0
1347 1348 4
1347 3534 4
1347 7908 4
1348 -1 0
1348 -2 0
1349 -1 0
1349 -2 0
1351 -1 0
1351 -2 0
1351 1357 5
1351 1369 5
1351 5725 5
1351 14473 5
1352 -1 0
1352 -2 0
1353 -1 0
1353 -2 0
1353 1355 5
1353 1371 5
1353 5727 5
1353 14475 5
1354 -1 0
1354 -2 0
1355 -1 0
1355 -2 0
1355 1364 4
1355 3542 4
1355 7916 4
1356 -1 0
1356 -2 0
1357 -1 0
1357 -2 0
1357 1366 4
1357 3544 4
1357 7918 4
1358 -1 0
1358 -2 0
1359 -1 0
1359 -2 0
1360 -1 0
1360 -2 0
1361 -1 0
1361 -2 0
1361 1364 4
1361 3548 4
1361 7922 4
1362 -1 0
1362 -2 0
1363 -1 0
1363 -2 0
1364 -1 0
1364 -2 0
1365 -1 0
1365 -2 0
1365 1366 4
1365 3552 4
1365 7926 4
1366 -1 0
1366 -2 0
1367 -1 0
1367 -2 0
1368 -1 0
1368 -2 0
1369 -1 0
1369 -2 0
1369 1372 4
1369 3556 4
1369 7930 4
1370 -1 0
1370 -2 0
1371 -1 0
1371 -2 0
1371 1372 4
1371 3558 4
1371 7932 4
1372 -1 0
1372 -2 0
1372 5746 3
1372 14494 3
1373 -1 0
1373 -2 0
1374 -1 0
1374 -2 0
1375 -1 0
1375 -2 0
1376 -1 0
1376 -2 0
1378 -1 0
1378 -2 0
1378 1381 6
1378 1387 6
1378 1405 6
1378 3565 6
1378 7939 6
1379 -1 0
1379 -2 0
1381 -1 0
1381 -2 0
1381 1399 5
1381 1435 5
1381 5755 5
1381 14503 5
1382 -1 0
1382 -2 0
1383 -1 0
1383 -2 0
1384 -1 0
1384 -2 0
1385 -1 0
1385 -2 0
1387 -1 0
1387 -2 0
1387 1393 5
1387 1441 5
1387 5761 5
1387 14509 5
1388 -1 0
1388 -2 0
1390 -1 0
1390 -2 0
1391 -1 0
1391 -2 0
1391 1418 4
1391 3578 4
1391 7952 4
1392 -1 0
1392 -2 0
1393 -1 0
1393 -2 0
1393 1420 4
1393 3580 4
1393 7954 4
1394 -1 0
1394 -2 0
1396 -1 0
1396 -2 0
1397 -1 0
1397 -2 0
1399 -1 0
1399 -2 0
1399 1426 4
1399 3586 4
1399 7960 4
1400 -1 0
1400 -2 0
1401 -1 0
1401 -2 0
1402 -1 0
1402 -2 0
1403 -1 0
1403 -2 0
1405 -1 0
1405 -2 0
1406 -1 0
1406 -2 0
1407 -1 0
1407 -2 0
1407 1409 5
1407 1425 5
1407 5781 5
1407 14529 5
1408 -1 0
1408 -2 0
1409 -1 0
1409 -2 0
1409 1418 4
1409 3596 4
1409 7970 4
1410 -1 0
1410 -2 0
1411 -1 0
1411 -2 0
1411 1420 4
1411 3598 4
1411 7972 4
1412 -1 0
1412 -2 0
1414 -1 0
1414 -2 0
1415 -1 0
1415 -2 0
1415 1418 4
1415 3602 4
1415 7976 4
1416 -1 0
1416 -2 0
1417 -1 0
1417 -2 0
1418 -1 0
1418 -2 0
1418 5792 3
1418 14540 3
1419 -1 0
1419 -2 0
1419 1420 4
1419 3606 4
1419 7980 4
1420 -1 0
1420 -2 0
1421 -1 0
1421 -2 0
1422 -1 0
1422 -2 0
1423 -1 0
1423 -2 0
1423 1426 4
1423 3610 4
1423 7984 4
1424 -1 0
1424 -2 0
1425 -1 0
1425 -2 0
1425 1426 4
1425 3612 4
1425 7986 4
1426 -1 0
1426 -2 0
1427 -1 0
1427 -2 0
1428 -1 0
1428 -2 0
1429 -1 0
1429 -2 0
1430 -1 0
1430 -2 0
1432 -1 0
1432 -2 0
1433 -1 0
1433 -2 0
1434 -1 0
1434 -2 0
1435 -1 0
1435 -2 0
1436 -1 0
1436 -2 0
1437 -1 0
1437 -2 0
1438 -1 0
1438 -2 0
1439 -1 0
1439 -2 0
1440 -1 0
1440 -2 0
1441 -1 0
1441 -2 0
1442 -1 0
1442 -2 0
1443 -1 0
1443 -2 0
1444 -1 0
1444 -2 0
1445 -1 0
1445 -2 0
1446 -1 0
1446 -2 0
1447 -1 0
1447 -2 0
1448 -1 0
1448 -2 0
1449 -1 0
1449 -2 0
1450 -1 0
1450 -2 0
1451 -1 0
1451 -2 0
1452 -1 0
1452 -2 0
1453 -1 0
1453 -2 0
1454 -1 0
1454 -2 0
1455 -1 0
1455 -2 0
1456 -1 0
1456 -2 0
1457 -1 0
1457 -2 0
1476 -1 0
1476 -2 0
1477 -1 0
1477 -2 0
1478 -1 0
1478 -2 0
1479 -1 0
1479 -2 0
1480 -1 0
1480 -2 0
1480 1507 6
1480 1561 6
1480 1723 6
1480 3667 6
1480 8041 6
1481 -1 0
1481 -2 0
1482 -1 0
1482 -2 0
1483 -1 0
1483 -2 0
1484 -1 0
1484 -2 0
1506 -1 0
1506 -2 0
1506 1507 6
1506 1587 6
1506 1749 6
1506 3693 6
1506 8067 6
1507 -1 0
1507 -2 0
1507 1669 5
1507 1993 5
1507 5881 5
1507 14629 5
1508 -1 0
1508 -2 0
1509 -1 0
1509 -2 0
1510 -1 0
1510 -2 0
1511 -1 0
1511 -2 0
1536 -1 0
1536 -2 0
1537 -1 0
1537 -2 0
1538 -1 0
1538 -2 0
1557 -1 0
1557 -2 0
1558 -1 0
1558 -2 0
1558 1561 6
1558 1585 6
1558 1801 6
1558 3745 6
1558 8119 6
1559 -1 0
1559 -2 0
1560 -1 0
1560 -2 0
1560 1561 6
1560 1587 6
1560 1803 6
1560 3747 6
1560 8121 6
1561 -1 0
1561 -2 0
1561 1615 5
1561 2047 5
1561 5935 5
1561 14683 5
1562 -1 0
1562 -2 0
1563 -1 0
1563 -2 0
1564 -1 0
1564 -2 0
1565 -1 0
1565 -2 0
1587 -1 0
1587 -2 0
1587 1589 5
1587 2073 5
1587 5961 5
1587 14709 5
1588 -1 0
1588 -2 0
1589 -1 0
1589 -2 0
1589 1832 4
1589 3776 4
1589 8150 4
1590 -1 0
1590 -2 0
1591 -1 0
1591 -2 0
1591 1834 4
1591 3778 4
1591 8152 4
1592 -1 0
1592 -2 0
1617 -1 0
1617 -2 0
1618 -1 0
1618 -2 0
1619 -1 0
1619 -2 0
1638 -1 0
1638 -2 0
1639 -1 0
1639 -2 0
1640 -1 0
1640 -2 0
1641 -1 0
1641 -2 0
1642 -1 0
1642 -2 0
1643 -1 0
1643 -2 0
1644 -1 0
1644 -2 0
1645 -1 0
1645 -2 0
1646 -1 0
1646 -2 0
1668 -1 0
1668 -2 0
1669 -1 0
1669 -2 0
1670 -1 0
1670 -2 0
1671 -1 0
1671 -2 0
1672 -1 0
1672 -2 0
1673 -1 0
1673 -2 0
1698 -1 0
1698 -2 0
1699 -1 0
1699 -2 0
1700 -1 0
1700 -2 0
1703 -1 0
1703 -2 0
1704 -1 0
1704 -2 0
1704 1706 7
1704 1722 7
1704 1758 7
1704 1866 7
1704 6078 7
1704 14826 7
1705 -1 0
1705 -2 0
1706 -1 0
1706 -2 0
1706 1715 6
1706 1733 6
1706 1787 6
1706 3893 6
1706 8267 6
1707 -1 0
1707 -2 0
1708 -1 0
1708 -2 0
1708 1717 6
1708 1735 6
1708 1789 6
1708 3895 6
1708 8269 6
1709 -1 0
1709 -2 0
1711 -1 0
1711 -2 0
1712 -1 0
1712 -2 0
1712 1715 6
1712 1739 6
1712 1793 6
1712 3899 6
1712 8273 6
1713 -1 0
1713 -2 0
1714 -1 0
1714 -2 0
1715 -1 0
1715 -2 0
1715 1769 5
1715 1877 5
1715 6089 5
1715 14837 5
1716 -1 0
1716 -2 0
1716 1717 6
1716 1743 6
1716 1797 6
1716 3903 6
1716 8277 6
1717 -1 0
1717 -2 0
1717 1771 5
1717 1879 5
1717 6091 5
1717 14839 5
1718 -1 0
1718 -2 0
1720 -1 0
1720 -2 0
1720 1723 6
1720 1747 6
1720 1801 6
1720 3907 6
1720 8281 6
1721 -1 0
1721 -2 0
1722 -1 0
1722 -2 0
1722 1723 6
1722 1749 6
1722 1803 6
1722 3909 6
1722 8283 6
1723 -1 0
1723 -2 0
1723 1777 5
1723 1885 5
1723 6097 5
1723 14845 5
1724 -1 0
1724 -2 0
1725 -1 0
1725 -2 0
1726 -1 0
1726 -2 0
1727 -1 0
1727 -2 0
1730 -1 0
1730 -2 0
1730 1733 6
1730 1739 6
1730 1811 6
1730 3917 6
1730 8291 6
1731 -1 0
1731 -2 0
1732 -1 0
1732 -2 0
1733 -1 0
1733 -2 0
1733 1751 5
1733 1895 5
1733 6107 5
1733 14855 5
1734 -1 0
1734 -2 0
1734 1735 6
1734 1743 6
1734 1815 6
1734 3921 6
1734 8295 6
1735 -1 0
1735 -2 0
1735 1753 5
1735 1897 5
1735 6109 5
1735 14857 5
1736 -1 0
1736 -2 0
1738 -1 0
1738 -2 0
1739 -1 0
1739 -2 0
1739 1745 5
1739 1901 5
1739 6113 5
1739 14861 5
1740 -1 0
1740 -2 0
1741 -1 0
1741 -2 0
1742 -1 0
1742 -2 0
1743 -1 0
1743 -2 0
1743 1745 5
1743 1905 5
1743 6117 5
1743 14865 5
1744 -1 0
1744 -2 0
1745 -1 0
1745 -2 0
1745 1826 4
1745 3932 4
1745 8306 4
1746 -1 0
1746 -2 0
1746 1747 6
1746 1749 6
1746 1827 6
1746 3933 6
1746 8307 6
1747 -1 0
1747 -2 0
1747 1753 5
1747 1909 5
1747 6121 5
1747 14869 5
1748 -1 0
1748 -2 0
1749 -1 0
1749 -2 0
1749 1751 5
1749 1911 5
1749 6123 5
1749 14871 5
1750 -1 0
1750 -2 0
1751 -1 0
1751 -2 0
1751 1832 4
1751 3938 4
1751 8312 4
1752 -1 0
1752 -2 0
1753 -1 0
1753 -2 0
1753 1834 4
1753 3940 4
1753 8314 4
1754 -1 0
1754 -2 0
1757 -1 0
1757 -2 0
1758 -1 0
1758 -2 0
1758 1759 6
1758 1767 6
1758 1839 6
1758 3945 6
1758 8319 6
1759 -1 0
1759 -2 0
1759 1777 5
1759 1921 5
1759 6133 5
1759 14881 5
1760 -1 0
1760 -2 0
1761 -1 0
1761 -2 0
1762 -1 0
1762 -2 0
1763 -1 0
1763 -2 0
1765 -1 0
1765 -2 0
1765 1771 5
1765 1927 5
1765 6139 5
1765 14887 5
1766 -1 0
1766 -2 0
1767 -1 0
1767 -2 0
1767 1769 5
1767 1929 5
1767 6141 5
1767 14889 5
1768 -1 0
1768 -2 0
1769 -1 0
1769 -2 0
1770 -1 0
1770 -2 0
1771 -1 0
1771 -2 0
1771 1852 4
1771 3958 4
1771 8332 4
1772 -1 0
1772 -2 0
1773 -1 0
1773 -2 0
1774 -1 0
1774 -2 0
1775 -1 0
1775 -2 0
1776 -1 0
1776 -2 0
1777 -1 0
1777 -2 0
1777 1858 4
1777 3964 4
1777 8338 4
1778 -1 0
1778 -2 0
1779 -1 0
1779 -2 0
1780 -1 0
1780 -2 0
1781 -1 0
1781 -2 0
1784 -1 0
1784 -2 0
1784 1787 6
1784 1793 6
1784 1811 6
1784 3971 6
1784 8345 6
1785 -1 0
1785 -2 0
1786 -1 0
1786 -2 0
1787 -1 0
1787 -2 0
1787 1805 5
1787 1841 5
1787 6161 5
1787 14909 5
1788 -1 0
1788 -2 0
1788 1789 6
1788 1797 6
1788 1815 6
1788 3975 6
1788 8349 6
1789 -1 0
1789 -2 0
1789 1807 5
1789 1843 5
1789 6163 5
1789 14911 5
1790 -1 0
1790 -2 0
1792 -1 0
1792 -2 0
1793 -1 0
1793 -2 0
1793 1799 5
1793 1847 5
1793 6167 5
1793 14915 5
1794 -1 0
1794 -2 0
1795 -1 0
1795 -2 0
1796 -1 0
1796 -2 0
1797 -1 0
1797 -2 0
1797 1799 5
1797 1851 5
1797 6171 5
1797 14919 5
1798 -1 0
1798 -2 0
1799 -1 0
1799 -2 0
1799 1826 4
1799 3986 4
1799 8360 4
1801 -1 0
1801 -2 0
1801 1807 5
1801 1855 5
1801 6175 5
1801 14923 5
1802 -1 0
1802 -2 0
1803 -1 0
1803 -2 0
1803 1805 5
1803 1857 5
1803 6177 5
1803 14925 5
1804 -1 0
1804 -2 0
1805 -1 0
1805 -2 0
1805 1832 4
1805 3992 4
1805 8366 4
1806 -1 0
1806 -2 0
1807 -1 0
1807 -2 0
1807 1834 4
1807 3994 4
1807 8368 4
1808 -1 0
1808 -2 0
1811 -1 0
1811 -2 0
1812 -1 0
1812 -2 0
1813 -1 0
1813 -2 0
1814 -1 0
1814 -2 0
1815 -1 0
1815 -2 0
1816 -1 0
1816 -2 0
1817 -1 0
1817 -2 0
1817 1826 4
1817 4004 4
1817 8378 4
1819 -1 0
1819 -2 0
1820 -1 0
1820 -2 0
1821 -1 0
1821 -2 0
1822 -1 0
1822 -2 0
1823 -1 0
1823 -2 0
1824 -1 0
1824 -2 0
1825 -1 0
1825 -2 0
1826 -1 0
1826 -2 0
1827 -1 0
1827 -2 0
1828 -1 0
1828 -2 0
1829 -1 0
1829 -2 0
1829 1832 4
1829 4016 4
1829 8390 4
1830 -1 0
1830 -2 0
1831 -1 0
1831 -2 0
1832 -1 0
1832 -2 0
1833 -1 0
1833 -2 0
1833 1834 4
1833 4020 4
1833 8394 4
1834 -1 0
1834 -2 0
1835 -1 0
1835 -2 0
1838 -1 0
1838 -2 0
1839 -1 0
1839 -2 0
1839 1841 5
1839 1857 5
1839 6213 5
1839 14961 5
1840 -1 0
1840 -2 0
1841 -1 0
1841 -2 0
1842 -1 0
1842 -2 0
1843 -1 0
1843 -2 0
1843 1852 4
1843 4030 4
1843 8404 4
1844 -1 0
1844 -2 0
1846 -1 0
1846 -2 0
1847 -1 0
1847 -2 0
1848 -1 0
1848 -2 0
1849 -1 0
1849 -2 0
1850 -1 0
1850 -2 0
1850 6224 3
1850 14972 3
1851 -1 0
1851 -2 0
1851 1852 4
1851 4038 4
1851 8412 4
1852 -1 0
1852 -2 0
1852 6226 3
1852 14974 3
1853 -1 0
1853 -2 0
1854 -1 0
1854 -2 0
1855 -1 0
1855 -2 0
1855 1858 4
1855 4042 4
1855 8416 4
1856 -1 0
1856 -2 0
1857 -1 0
1857 -2 0
1857 1858 4
1857 4044 4
1857 8418 4
1858 -1 0
1858 -2 0
1858 6232 3
1858 14980 3
1859 -1 0
1859 -2 0
1860 -1 0
1860 -2 0
1861 -1 0
1861 -2 0
1862 -1 0
1862 -2 0
1865 -1 0
1865 -2 0
1866 -1 0
1866 -2 0
1866 1867 6
1866 1875 6
1866 1893 6
1866 4053 6
1866 8427 6
1867 -1 0
1867 -2 0
1867 1885 5
1867 1921 5
1867 6241 5
1867 14989 5
1868 -1 0
1868 -2 0
1869 -1 0
1869 -2 0
1870 -1 0
1870 -2 0
1871 -1 0
1871 -2 0
1873 -1 0
1873 -2 0
1873 1879 5
1873 1927 5
1873 6247 5
1873 14995 5
1874 -1 0
1874 -2 0
1875 -1 0
1875 -2 0
1875 1877 5
1875 1929 5
1875 6249 5
1875 14997 5
1876 -1 0
1876 -2 0
1877 -1 0
1877 -2 0
1877 1904 4
1877 4064 4
1877 8438 4
1878 -1 0
1878 -2 0
1879 -1 0
1879 -2 0
1879 1906 4
1879 4066 4
1879 8440 4
1880 -1 0
1880 -2 0
1882 -1 0
1882 -2 0
1883 -1 0
1883 -2 0
1884 -1 0
1884 -2 0
1885 -1 0
1885 -2 0
1886 -1 0
1886 -2 0
1887 -1 0
1887 -2 0
1888 -1 0
1888 -2 0
1889 -1 0
1889 -2 0
1892 -1 0
1892 -2 0
1893 -1 0
1893 -2 0
1893 1895 5
1893 1911 5
1893 6267 5
1893 15015 5
1894 -1 0
1894 -2 0
1895 -1 0
1895 -2 0
1895 1904 4
1895 4082 4
1895 8456 4
1896 -1 0
1896 -2 0
1897 -1 0
1897 -2 0
1897 1906 4
1897 4084 4
1897 8458 4
1898 -1 0
1898 -2 0
1900 -1 0
1900 -2 0
1901 -1 0
1901 -2 0
1901 1904 4
1901 4088 4
1901 8462 4
1902 -1 0
1902 -2 0
1903 -1 0
1903 -2 0
1904 -1 0
1904 -2 0
1904 6278 3
1904 15026 3
1905 -1 0
1905 -2 0
1905 1906 4
1905 4092 4
1905 8466 4
1906 -1 0
1906 -2 0
1906 6280 3
1906 15028 3
1907 -1 0
1907 -2 0
1908 -1 0
1908 -2 0
1909 -1 0
1909 -2 0
1910 -1 0
1910 -2 0
1911 -1 0
1911 -2 0
1912 -1 0
1912 -2 0
1912 6286 3
1912 15034 3
1913 -1 0
1913 -2 0
1914 -1 0
1914 -2 0
1915 -1 0
1915 -2 0
1916 -1 0
1916 -2 0
1919 -1 0
1919 -2 0
1920 -1 0
1920 -2 0
1921 -1 0
1921 -2 0
1921 1930 4
1921 4108 4
1921 8482 4
1922 -1 0
1922 -2 0
1923 -1 0
1923 -2 0
1924 -1 0
1924 -2 0
1925 -1 0
1925 -2 0
1927 -1 0
1927 -2 0
1927 1930 4
1927 4114 4
1927 8488 4
1928 -1 0
1928 -2 0
1929 -1 0
1929 -2 0
1929 1930 4
1929 4116 4
1929 8490 4
1930 -1 0
1930 -2 0
1931 -1 0
1931 -2 0
1932 -1 0
1932 -2 0
1933 -1 0
1933 -2 0
1934 -1 0
1934 -2 0
1935 -1 0
1935 -2 0
1936 -1 0
1936 -2 0
1937 -1 0
1937 -2 0
1938 -1 0
1938 -2 0
1939 -1 0
1939 -2 0
1940 -1 0
1940 -2 0
1941 -1 0
1941 -2 0
1942 -1 0
1942 -2 0
1943 -1 0
1943 -2 0
1946 -1 0
1946 -2 0
1948 -1 0
1948 -2 0
1948 1957 6
1948 1975 6
1948 2029 6
1948 4135 6
1948 8509 6
1949 -1 0
1949 -2 0
1950 -1 0
1950 -2 0
1951 -1 0
1951 -2 0
1952 -1 0
1952 -2 0
1954 -1 0
1954 -2 0
1954 1957 6
1954 1981 6
1954 2035 6
1954 4141 6
1954 8515 6
1955 -1 0
1955 -2 0
1957 -1 0
1957 -2 0
1958 -1 0
1958 -2 0
1959 -1 0
1959 -2 0
1960 -1 0
1960 -2 0
1961 -1 0
1961 -2 0
1963 -1 0
1963 -2 0
1964 -1 0
1964 -2 0
1966 -1 0
1966 -2 0
1967 -1 0
1967 -2 0
1968 -1 0
1968 -2 0
1969 -1 0
1969 -2 0
1970 -1 0
1970 -2 0
1973 -1 0
1973 -2 0
1974 -1 0
1974 -2 0
1974 1975 6
1974 1983 6
1974 2055 6
1974 4161 6
1974 8535 6
1975 -1 0
1975 -2 0
1975 1993 5
1975 2137 5
1975 6349 5
1975 15097 5
1976 -1 0
1976 -2 0
1977 -1 0
1977 -2 0
1978 -1 0
1978 -2 0
1979 -1 0
1979 -2 0
1981 -1 0
1981 -2 0
1981 1987 5
1981 2143 5
1981 6355 5
1981 15103 5
1982 -1 0
1982 -2 0
1983 -1 0
1983 -2 0
1983 1985 5
1983 2145 5
1983 6357 5
1983 15105 5
1984 -1 0
1984 -2 0
1985 -1 0
1985 -2 0
1985 2066 4
1985 4172 4
1985 8546 4
1986 -1 0
1986 -2 0
1987 -1 0
1987 -2 0
1987 2068 4
1987 4174 4
1987 8548 4
1988 -1 0
1988 -2 0
1990 -1 0
1990 -2 0
1991 -1 0
1991 -2 0
1992 -1 0
1992 -2 0
1993 -1 0
1993 -2 0
1993 2074 4
1993 4180 4
1993 8554 4
1994 -1 0
1994 -2 0
1995 -1 0
1995 -2 0
1996 -1 0
1996 -2 0
1997 -1 0
1997 -2 0
2000 -1 0
2000 -2 0
2001 -1 0
2001 -2 0
2002 -1 0
2002 -2 0
2003 -1 0
2003 -2 0
2004 -1 0
2004 -2 0
2005 -1 0
2005 -2 0
2006 -1 0
2006 -2 0
2008 -1 0
2008 -2 0
2009 -1 0
2009 -2 0
2010 -1 0
2010 -2 0
2011 -1 0
2011 -2 0
2011 2092 4
2011 4198 4
2011 8572 4
2012 -1 0
2012 -2 0
2013 -1 0
2013 -2 0
2014 -1 0
2014 -2 0
2015 -1 0
2015 -2 0
2016 -1 0
2016 -2 0
2017 -1 0
2017 -2 0
2018 -1 0
2018 -2 0
2019 -1 0
2019 -2 0
2020 -1 0
2020 -2 0
2021 -1 0
2021 -2 0
2022 -1 0
2022 -2 0
2023 -1 0
2023 -2 0
2024 -1 0
2024 -2 0
2027 -1 0
2027 -2 0
2029 -1 0
2029 -2 0
2029 2047 5
2029 2083 5
2029 6403 5
2029 15151 5
2030 -1 0
2030 -2 0
2031 -1 0
2031 -2 0
2032 -1 0
2032 -2 0
2033 -1 0
2033 -2 0
2035 -1 0
2035 -2 0
2035 2041 5
2035 2089 5
2035 6409 5
2035 15157 5
2036 -1 0
2036 -2 0
2038 -1 0
2038 -2 0
2039 -1 0
2039 -2 0
2039 2066 4
2039 4226 4
2039 8600 4
2040 -1 0
2040 -2 0
2041 -1 0
2041 -2 0
2041 2068 4
2041 4228 4
2041 8602 4
2042 -1 0
2042 -2 0
2044 -1 0
2044 -2 0
2045 -1 0
2045 -2 0
2047 -1 0
2047 -2 0
2047 2074 4
2047 4234 4
2047 8608 4
2048 -1 0
2048 -2 0
2049 -1 0
2049 -2 0
2050 -1 0
2050 -2 0
2051 -1 0
2051 -2 0
2054 -1 0
2054 -2 0
2055 -1 0
2055 -2 0
2055 2057 5
2055 2073 5
2055 6429 5
2055 15177 5
2056 -1 0
2056 -2 0
2057 -1 0
2057 -2 0
2057 2066 4
2057 4244 4
2057 8618 4
2058 -1 0
2058 -2 0
2059 -1 0
2059 -2 0
2059 2068 4
2059 4246 4
2059 8620 4
2060 -1 0
2060 -2 0
2062 -1 0
2062 -2 0
2063 -1 0
2063 -2 0
2063 2066 4
2063 4250 4
2063 8624 4
2064 -1 0
2064 -2 0
2065 -1 0
2065 -2 0
2066 -1 0
2066 -2 0
2066 6440 3
2066 15188 3
2067 -1 0
2067 -2 0
2067 2068 4
2067 4254 4
2067 8628 4
2068 -1 0
2068 -2 0
2068 6442 3
2068 15190 3
2069 -1 0
2069 -2 0
2071 -1 0
2071 -2 0
2071 2074 4
2071 4258 4
2071 8632 4
2072 -1 0
2072 -2 0
2073 -1 0
2073 -2 0
2073 2074 4
2073 4260 4
2073 8634 4
2074 -1 0
2074 -2 0
2074 6448 3
2074 15196 3
2075 -1 0
2075 -2 0
2076 -1 0
2076 -2 0
2077 -1 0
2077 -2 0
2078 -1 0
2078 -2 0
2081 -1 0
2081 -2 0
2082 -1 0
2082 -2 0
2083 -1 0
2083 -2 0
2083 2092 4
2083 4270 4
2083 8644 4
2084 -1 0
2084 -2 0
2085 -1 0
2085 -2 0
2086 -1 0
2086 -2 0
2087 -1 0
2087 -2 0
2089 -1 0
2089 -2 0
2089 2092 4
2089 4276 4
2089 8650 4
2090 -1 0
2090 -2 0
2091 -1 0
2091 -2 0
2091 2092 4
2091 4278 4
2091 8652 4
2092 -1 0
2092 -2 0
2093 -1 0
2093 -2 0
2094 -1 0
2094 -2 0
2095 -1 0
2095 -2 0
2096 -1 0
2096 -2 0
2097 -1 0
2097 -2 0
2098 -1 0
2098 -2 0
2099 -1 0
2099 -2 0
2100 -1 0
2100 -2 0
2101 -1 0
2101 -2 0
2102 -1 0
2102 -2 0
2103 -1 0
2103 -2 0
2104 -1 0
2104 -2 0
2105 -1 0
2105 -2 0
2108 -1 0
2108 -2 0
2110 -1 0
2110 -2 0
2111 -1 0
2111 -2 0
2112 -1 0
2112 -2 0
2113 -1 0
2113 -2 0
2114 -1 0
2114 -2 0
2116 -1 0
2116 -2 0
2117 -1 0
2117 -2 0
2119 -1 0
2119 -2 0
2119 2146 4
2119 4306 4
2119 8680 4
2120 -1 0
2120 -2 0
2121 -1 0
2121 -2 0
2122 -1 0
2122 -2 0
2123 -1 0
2123 -2 0
2125 -1 0
2125 -2 0
2126 -1 0
2126 -2 0
2128 -1 0
2128 -2 0
2129 -1 0
2129 -2 0
2130 -1 0
2130 -2 0
2131 -1 0
2131 -2 0
2132 -1 0
2132 -2 0
2135 -1 0
2135 -2 0
2136 -1 0
2136 -2 0
2137 -1 0
2137 -2 0
2137 2146 4
2137 4324 4
2137 8698 4
2138 -1 0
2138 -2 0
2139 -1 0
2139 -2 0
2140 -1 0
2140 -2 0
2141 -1 0
2141 -2 0
2143 -1 0
2143 -2 0
2143 2146 4
2143 4330 4
2143 8704 4
2144 -1 0
2144 -2 0
2145 -1 0
2145 -2 0
2145 2146 4
2145 4332 4
2145 8706 4
2146 -1 0
2146 -2 0
2147 -1 0
2147 -2 0
2148 -1 0
2148 -2 0
2149 -1 0
2149 -2 0
2150 -1 0
2150 -2 0
2152 -1 0
2152 -2 0
2153 -1 0
2153 -2 0
2154 -1 0
2154 -2 0
2155 -1 0
2155 -2 0
2156 -1 0
2156 -2 0
2157 -1 0
2157 -2 0
2158 -1 0
2158 -2 0
2159 -1 0
2159 -2 0
2162 -1 0
2162 -2 0
2163 -1 0
2163 -2 0
2164 -1 0
2164 -2 0
2165 -1 0
2165 -2 0
2166 -1 0
2166 -2 0
2167 -1 0
2167 -2 0
2168 -1 0
2168 -2 0
2170 -1 0
2170 -2 0
2171 -1 0
2171 -2 0
2172 -1 0
2172 -2 0
2173 -1 0
2173 -2 0
2174 -1 0
2174 -2 0
2175 -1 0
2175 -2 0
2176 -1 0
2176 -2 0
2177 -1 0
2177 -2 0
2178 -1 0
2178 -2 0
2179 -1 0
2179 -2 0
2180 -1 0
2180 -2 0
2181 -1 0
2181 -2 0
2182 -1 0
2182 -2 0
2183 -1 0
2183 -2 0
2184 -1 0
2184 -2 0
2185 -1 0
2185 -2 0
2186 -1 0
2186 -2 0
2460 -1 0
2460 -2 0
2461 -1 0
2461 -2 0
2462 -1 0
2462 -2 0
2463 -1 0
2463 -2 0
2464 -1 0
2464 -2 0
2465 -1 0
2465 -2 0
2465 2483 5
2465 2627 5
2465 3923 5
2465 15587 5
2467 -1 0
2467 -2 0
2468 -1 0
2468 -2 0
2470 -1 0
2470 -2 0
2471 -1 0
2471 -2 0
2473 -1 0
2473 -2 0
2474 -1 0
2474 -2 0
2477 -1 0
2477 -2 0
2477 2483 5
2477 2639 5
2477 3935 5
2477 15599 5
2480 -1 0
2480 -2 0
2483 -1 0
2483 -2 0
2490 -1 0
2490 -2 0
2490 2491 6
2490 2499 6
2490 2571 6
2490 3219 6
2490 9051 6
2491 -1 0
2491 -2 0
2491 2509 5
2491 2653 5
2491 3949 5
2491 15613 5
2492 -1 0
2492 -2 0
2494 -1 0
2494 -2 0
2495 -1 0
2495 -2 0
2495 2501 5
2495 2657 5
2495 3953 5
2495 15617 5
2496 -1 0
2496 -2 0
2497 -1 0
2497 -2 0
2498 -1 0
2498 -2 0
2499 -1 0
2499 -2 0
2499 2501 5
2499 2661 5
2499 3957 5
2499 15621 5
2500 -1 0
2500 -2 0
2501 -1 0
2501 -2 0
2501 2582 4
2501 3230 4
2501 9062 4
2503 -1 0
2503 -2 0
2503 2509 5
2503 2665 5
2503 3961 5
2503 15625 5
2504 -1 0
2504 -2 0
2505 -1 0
2505 -2 0
2505 2507 5
2505 2667 5
2505 3963 5
2505 15627 5
2506 -1 0
2506 -2 0
2507 -1 0
2507 -2 0
2507 2588 4
2507 3236 4
2507 9068 4
2508 -1 0
2508 -2 0
2509 -1 0
2509 -2 0
2509 2590 4
2509 3238 4
2509 9070 4
2510 -1 0
2510 -2 0
2541 -1 0
2541 -2 0
2542 -1 0
2542 -2 0
2543 -1 0
2543 -2 0
2544 -1 0
2544 -2 0
2545 -1 0
2545 -2 0
2546 -1 0
2546 -2 0
2548 -1 0
2548 -2 0
2549 -1 0
2549 -2 0
2551 -1 0
2551 -2 0
2552 -1 0
2552 -2 0
2554 -1 0
2554 -2 0
2555 -1 0
2555 -2 0
2558 -1 0
2558 -2 0
2561 -1 0
2561 -2 0
2564 -1 0
2564 -2 0
2571 -1 0
2571 -2 0
2571 2573 5
2571 2589 5
2571 4029 5
2571 15693 5
2572 -1 0
2572 -2 0
2573 -1 0
2573 -2 0
2573 2582 4
2573 3302 4
2573 9134 4
2575 -1 0
2575 -2 0
2576 -1 0
2576 -2 0
2577 -1 0
2577 -2 0
2578 -1 0
2578 -2 0
2579 -1 0
2579 -2 0
2580 -1 0
2580 -2 0
2581 -1 0
2581 -2 0
2582 -1 0
2582 -2 0
2582 4040 3
2582 15704 3
2584 -1 0
2584 -2 0
2585 -1 0
2585 -2 0
2585 2588 4
2585 3314 4
2585 9146 4
2586 -1 0
2586 -2 0
2587 -1 0
2587 -2 0
2588 -1 0
2588 -2 0
2589 -1 0
2589 -2 0
2589 2590 4
2589 3318 4
2589 9150 4
2590 -1 0
2590 -2 0
2590 4048 3
2590 15712 3
2591 -1 0
2591 -2 0
2622 -1 0
2622 -2 0
2623 -1 0
2623 -2 0
2624 -1 0
2624 -2 0
2625 -1 0
2625 -2 0
2625 2627 5
2625 2643 5
2625 4083 5
2625 15747 5
2626 -1 0
2626 -2 0
2627 -1 0
2627 -2 0
2627 2636 4
2627 3356 4
2627 9188 4
2629 -1 0
2629 -2 0
2630 -1 0
2630 -2 0
2632 -1 0
2632 -2 0
2633 -1 0
2633 -2 0
2635 -1 0
2635 -2 0
2636 -1 0
2636 -2 0
2636 4094 3
2636 15758 3
2639 -1 0
2639 -2 0
2639 2642 4
2639 3368 4
2639 9200 4
2642 -1 0
2642 -2 0
2642 4100 3
2642 15764 3
2645 -1 0
2645 -2 0
2652 -1 0
2652 -2 0
2653 -1 0
2653 -2 0
2653 2662 4
2653 3382 4
2653 9214 4
2654 -1 0
2654 -2 0
2656 -1 0
2656 -2 0
2657 -1 0
2657 -2 0
2657 2660 4
2657 3386 4
2657 9218 4
2658 -1 0
2658 -2 0
2659 -1 0
2659 -2 0
2660 -1 0
2660 -2 0
2660 4118 3
2660 15782 3
2661 -1 0
2661 -2 0
2661 2662 4
2661 3390 4
2661 9222 4
2662 -1 0
2662 -2 0
2662 4120 3
2662 15784 3
2663 -1 0
2663 -2 0
2665 -1 0
2665 -2 0
2665 2668 4
2665 3394 4
2665 9226 4
2666 -1 0
2666 -2 0
2667 -1 0
2667 -2 0
2667 2668 4
2667 3396 4
2667 9228 4
2668 -1 0
2668 -2 0
2668 4126 3
2668 15790 3
2669 -1 0
2669 -2 0
2670 -1 0
2670 -2 0
2671 -1 0
2671 -2 0
2672 -1 0
2672 -2 0
2730 -1 0
2730 -2 0
2730 2731 6
2730 2739 6
2730 2811 6
2730 3459 6
2730 9291 6
2731 -1 0
2731 -2 0
2731 2749 5
2731 2893 5
2731 4189 5
2731 15853 5
2732 -1 0
2732 -2 0
2733 -1 0
2733 -2 0
2734 -1 0
2734 -2 0
2735 -1 0
2735 -2 0
2737 -1 0
2737 -2 0
2737 2743 5
2737 2899 5
2737 4195 5
2737 15859 5
2738 -1 0
2738 -2 0
2740 -1 0
2740 -2 0
2741 -1 0
2741 -2 0
2741 2822 4
2741 3470 4
2741 9302 4
2743 -1 0
2743 -2 0
2743 2824 4
2743 3472 4
2743 9304 4
2744 -1 0
2744 -2 0
2747 -1 0
2747 -2 0
2750 -1 0
2750 -2 0
2753 -1 0
2753 -2 0
2811 -1 0
2811 -2 0
2812 -1 0
2812 -2 0
2813 -1 0
2813 -2 0
2813 2822 4
2813 3542 4
2813 9374 4
2814 -1 0
2814 -2 0
2815 -1 0
2815 -2 0
2815 2824 4
2815 3544 4
2815 9376 4
2816 -1 0
2816 -2 0
2818 -1 0
2818 -2 0
2819 -1 0
2819 -2 0
2819 2822 4
2819 3548 4
2819 9380 4
2821 -1 0
2821 -2 0
2822 -1 0
2822 -2 0
2824 -1 0
2824 -2 0
2824 4282 3
2824 15946 3
2825 -1 0
2825 -2 0
2828 -1 0
2828 -2 0
2831 -1 0
2831 -2 0
2834 -1 0
2834 -2 0
2892 -1 0
2892 -2 0
2893 -1 0
2893 -2 0
2894 -1 0
2894 -2 0
2895 -1 0
2895 -2 0
2896 -1 0
2896 -2 0
2897 -1 0
2897 -2 0
2899 -1 0
2899 -2 0
2900 -1 0
2900 -2 0
2902 -1 0
2902 -2 0
2903 -1 0
2903 -2 0
2905 -1 0
2905 -2 0
2906 -1 0
2906 -2 0
2909 -1 0
2909 -2 0
2912 -1 0
2912 -2 0
2915 -1 0
2915 -2 0
3169 -1 0
3169 -2 0
3170 -1 0
3170 -2 0
3172 -1 0
3172 -2 0
3173 -1 0
3173 -2 0
3175 -1 0
3175 -2 0
3176 -1 0
3176 -2 0
3178 -1 0
3178 -2 0
3179 -1 0
3179 -2 0
3179 3185 5
3179 3233 5
3179 3341 5
3179 16301 5
3181 -1 0
3181 -2 0
3182 -1 0
3182 -2 0
3184 -1 0
3184 -2 0
3185 -1 0
3185 -2 0
3198 -1 0
3198 -2 0
3199 -1 0
3199 -2 0
3200 -1 0
3200 -2 0
3201 -1 0
3201 -2 0
3202 -1 0
3202 -2 0
3203 -1 0
3203 -2 0
3205 -1 0
3205 -2 0
3206 -1 0
3206 -2 0
3207 -1 0
3207 -2 0
3208 -1 0
3208 -2 0
3209 -1 0
3209 -2 0
3210 -1 0
3210 -2 0
3211 -1 0
3211 -2 0
3212 -1 0
3212 -2 0
3212 3374 3
3212 16334 3
3228 -1 0
3228 -2 0
3229 -1 0
3229 -2 0
3230 -1 0
3230 -2 0
3230 3392 3
3230 16352 3
3232 -1 0
3232 -2 0
3233 -1 0
3233 -2 0
3233 3236 4
3233 3314 4
3233 9794 4
3234 -1 0
3234 -2 0
3235 -1 0
3235 -2 0
3236 -1 0
3236 -2 0
3236 3398 3
3236 16358 3
3237 -1 0
3237 -2 0
3237 3238 4
3237 3318 4
3237 9798 4
3238 -1 0
3238 -2 0
3238 3400 3
3238 16360 3
3239 -1 0
3239 -2 0
3250 -1 0
3250 -2 0
3251 -1 0
3251 -2 0
3253 -1 0
3253 -2 0
3254 -1 0
3254 -2 0
3256 -1 0
3256 -2 0
3257 -1 0
3257 -2 0
3259 -1 0
3259 -2 0
3260 -1 0
3260 -2 0
3262 -1 0
3262 -2 0
3263 -1 0
3263 -2 0
3265 -1 0
3265 -2 0
3266 -1 0
3266 -2 0
3266 3320 3
3266 16388 3
3279 -1 0
3279 -2 0
3280 -1 0
3280 -2 0
3281 -1 0
3281 -2 0
3282 -1 0
3282 -2 0
3283 -1 0
3283 -2 0
3284 -1 0
3284 -2 0
3286 -1 0
3286 -2 0
3287 -1 0
3287 -2 0
3288 -1 0
3288 -2 0
3289 -1 0
3289 -2 0
3290 -1 0
3290 -2 0
3291 -1 0
3291 -2 0
3292 -1 0
3292 -2 0
3293 -1 0
3293 -2 0
3309 -1 0
3309 -2 0
3310 -1 0
3310 -2 0
3311 -1 0
3311 -2 0
3313 -1 0
3313 -2 0
3314 -1 0
3314 -2 0
3314 3320 3
3314 16436 3
3315 -1 0
3315 -2 0
3316 -1 0
3316 -2 0
3317 -1 0
3317 -2 0
3318 -1 0
3318 -2 0
3318 3320 3
3318 16440 3
3319 -1 0
3319 -2 0
3320 -1 0
3320 -2 0
3331 -1 0
3331 -2 0
3332 -1 0
3332 -2 0
3334 -1 0
3334 -2 0
3335 -1 0
3335 -2 0
3337 -1 0
3337 -2 0
3338 -1 0
3338 -2 0
3338 3392 3
3338 16460 3
3340 -1 0
3340 -2 0
3341 -1 0
3341 -2 0
3341 3344 4
3341 3368 4
3341 9902 4
3343 -1 0
3343 -2 0
3344 -1 0
3344 -2 0
3344 3398 3
3344 16466 3
3346 -1 0
3346 -2 0
3346 3400 3
3346 16468 3
3347 -1 0
3347 -2 0
3360 -1 0
3360 -2 0
3361 -1 0
3361 -2 0
3362 -1 0
3362 -2 0
3363 -1 0
3363 -2 0
3364 -1 0
3364 -2 0
3365 -1 0
3365 -2 0
3367 -1 0
3367 -2 0
3368 -1 0
3368 -2 0
3368 3374 3
3368 16490 3
3369 -1 0
3369 -2 0
3370 -1 0
3370 -2 0
3371 -1 0
3371 -2 0
3372 -1 0
3372 -2 0
3372 3374 3
3372 16494 3
3373 -1 0
3373 -2 0
3374 -1 0
3374 -2 0
3390 -1 0
3390 -2 0
3390 3392 3
3390 16512 3
3391 -1 0
3391 -2 0
3392 -1 0
3392 -2 0
3392 9953 2
3394 -1 0
3394 -2 0
3394 3400 3
3394 16516 3
3395 -1 0
3395 -2 0
3396 -1 0
3396 -2 0
3396 3398 3
3396 16518 3
3397 -1 0
3397 -2 0
3398 -1 0
3398 -2 0
3398 9959 2
3399 -1 0
3399 -2 0
3400 -1 0
3400 -2 0
3400 9961 2
3401 -1 0
3401 -2 0
3406 -1 0
3406 -2 0
3407 -1 0
3407 -2 0
3407 3425 5
3407 3461 5
3407 3569 5
3407 16529 5
3409 -1 0
3409 -2 0
3409 3427 5
3409 3463 5
3409 3571 5
3409 16531 5
3410 -1 0
3410 -2 0
3412 -1 0
3412 -2 0
3413 -1 0
3413 -2 0
3413 3419 5
3413 3467 5
3413 3575 5
3413 16535 5
3415 -1 0
3415 -2 0
3416 -1 0
3416 -2 0
3418 -1 0
3418 -2 0
3419 -1 0
3419 -2 0
3419 3446 4
3419 3500 4
3419 9980 4
3421 -1 0
3421 -2 0
3421 3427 5
3421 3475 5
3421 3583 5
3421 16543 5
3422 -1 0
3422 -2 0
3424 -1 0
3424 -2 0
3425 -1 0
3425 -2 0
3425 3452 4
3425 3506 4
3425 9986 4
3427 -1 0
3427 -2 0
3427 3454 4
3427 3508 4
3427 9988 4
3428 -1 0
3428 -2 0
3433 -1 0
3433 -2 0
3434 -1 0
3434 -2 0
3435 -1 0
3435 -2 0
3435 3437 5
3435 3453 5
3435 3597 5
3435 16557 5
3436 -1 0
3436 -2 0
3437 -1 0
3437 -2 0
3437 3446 4
3437 3518 4
3437 9998 4
3439 -1 0
3439 -2 0
3440 -1 0
3440 -2 0
3442 -1 0
3442 -2 0
3443 -1 0
3443 -2 0
3444 -1 0
3444 -2 0
3445 -1 0
3445 -2 0
3446 -1 0
3446 -2 0
3446 3608 3
3446 16568 3
3448 -1 0
3448 -2 0
3449 -1 0
3449 -2 0
3449 3452 4
3449 3530 4
3449 10010 4
3451 -1 0
3451 -2 0
3452 -1 0
3452 -2 0
3452 3614 3
3452 16574 3
3453 -1 0
3453 -2 0
3453 3454 4
3453 3534 4
3453 10014 4
3454 -1 0
3454 -2 0
3455 -1 0
3455 -2 0
3460 -1 0
3460 -2 0
3461 -1 0
3461 -2 0
3461 3470 4
3461 3542 4
3461 10022 4
3462 -1 0
3462 -2 0
3463 -1 0
3463 -2 0
3463 3472 4
3463 3544 4
3463 10024 4
3464 -1 0
3464 -2 0
3466 -1 0
3466 -2 0
3467 -1 0
3467 -2 0
3467 3470 4
3467 3548 4
3467 10028 4
3468 -1 0
3468 -2 0
3469 -1 0
3469 -2 0
3470 -1 0
3470 -2 0
3470 3632 3
3470 16592 3
3471 -1 0
3471 -2 0
3471 3472 4
3471 3552 4
3471 10032 4
3472 -1 0
3472 -2 0
3472 3634 3
3472 16594 3
3473 -1 0
3473 -2 0
3475 -1 0
3475 -2 0
3475 3478 4
3475 3556 4
3475 10036 4
3476 -1 0
3476 -2 0
3477 -1 0
3477 -2 0
3477 3478 4
3477 3558 4
3477 10038 4
3478 -1 0
3478 -2 0
3478 3640 3
3478 16600 3
3479 -1 0
3479 -2 0
3480 -1 0
3480 -2 0
3481 -1 0
3481 -2 0
3482 -1 0
3482 -2 0
3487 -1 0
3487 -2 0
3488 -1 0
3488 -2 0
3490 -1 0
3490 -2 0
3491 -1 0
3491 -2 0
3491 3500 4
3491 3518 4
3491 10052 4
3493 -1 0
3493 -2 0
3494 -1 0
3494 -2 0
3496 -1 0
3496 -2 0
3497 -1 0
3497 -2 0
3499 -1 0
3499 -2 0
3500 -1 0
3500 -2 0
3502 -1 0
3502 -2 0
3503 -1 0
3503 -2 0
3503 3506 4
3503 3530 4
3503 10064 4
3505 -1 0
3505 -2 0
3506 -1 0
3506 -2 0
3508 -1 0
3508 -2 0
3508 3562 3
3508 16630 3
3509 -1 0
3509 -2 0
3514 -1 0
3514 -2 0
3515 -1 0
3515 -2 0
3516 -1 0
3516 -2 0
3517 -1 0
3517 -2 0
3518 -1 0
3518 -2 0
3518 3536 3
3518 16640 3
3520 -1 0
3520 -2 0
3521 -1 0
3521 -2 0
3523 -1 0
3523 -2 0
3524 -1 0
3524 -2 0
3525 -1 0
3525 -2 0
3526 -1 0
3526 -2 0
3527 -1 0
3527 -2 0
3529 -1 0
3529 -2 0
3530 -1 0
3530 -2 0
3530 3536 3
3530 16652 3
3532 -1 0
3532 -2 0
3533 -1 0
3533 -2 0
3534 -1 0
3534 -2 0
3534 3536 3
3534 16656 3
3535 -1 0
3535 -2 0
3536 -1 0
3536 -2 0
3541 -1 0
3541 -2 0
3542 -1 0
3542 -2 0
3543 -1 0
3543 -2 0
3543 3544 4
3543 3552 4
3543 10104 4
3544 -1 0
3544 -2 0
3544 3562 3
3544 16666 3
3545 -1 0
3545 -2 0
3547 -1 0
3547 -2 0
3548 -1 0
3548 -2 0
3549 -1 0
3549 -2 0
3550 -1 0
3550 -2 0
3551 -1 0
3551 -2 0
3552 -1 0
3552 -2 0
3553 -1 0
3553 -2 0
3554 -1 0
3554 -2 0
3554 10115 2
3556 -1 0
3556 -2 0
3556 3562 3
3556 16678 3
3557 -1 0
3557 -2 0
3558 -1 0
3558 -2 0
3559 -1 0
3559 -2 0
3560 -1 0
3560 -2 0
3560 10121 2
3561 -1 0
3561 -2 0
3562 -1 0
3562 -2 0
3562 10123 2
3563 -1 0
3563 -2 0
3568 -1 0
3568 -2 0
3569 -1 0
3569 -2 0
3569 3578 4
3569 3596 4
3569 10130 4
3571 -1 0
3571 -2 0
3571 3580 4
3571 3598 4
3571 10132 4
3572 -1 0
3572 -2 0
3574 -1 0
3574 -2 0
3575 -1 0
3575 -2 0
3575 3578 4
3575 3602 4
3575 10136 4
3577 -1 0
3577 -2 0
3578 -1 0
3578 -2 0
3578 3632 3
3578 16700 3
3580 -1 0
3580 -2 0
3580 3634 3
3580 16702 3
3581 -1 0
3581 -2 0
3583 -1 0
3583 -2 0
3583 3586 4
3583 3610 4
3583 10144 4
3584 -1 0
3584 -2 0
3586 -1 0
3586 -2 0
3586 3640 3
3586 16708 3
3587 -1 0
3587 -2 0
3589 -1 0
3589 -2 0
3590 -1 0
3590 -2 0
3595 -1 0
3595 -2 0
3596 -1 0
3596 -2 0
3596 3614 3
3596 16718 3
3597 -1 0
3597 -2 0
3597 3598 4
3597 3606 4
3597 10158 4
3598 -1 0
3598 -2 0
3599 -1 0
3599 -2 0
3601 -1 0
3601 -2 0
3602 -1 0
3602 -2 0
3602 3608 3
3602 16724 3
3604 -1 0
3604 -2 0
3605 -1 0
3605 -2 0
3606 -1 0
3606 -2 0
3606 3608 3
3606 16728 3
3607 -1 0
3607 -2 0
3608 -1 0
3608 -2 0
3608 10169 2
3610 -1 0
3610 -2 0
3611 -1 0
3611 -2 0
3613 -1 0
3613 -2 0
3614 -1 0
3614 -2 0
3614 10175 2
3615 -1 0
3615 -2 0
3616 -1 0
3616 -2 0
3616 10177 2
3617 -1 0
3617 -2 0
3622 -1 0
3622 -2 0
3622 3640 3
3622 16744 3
3623 -1 0
3623 -2 0
3624 -1 0
3624 -2 0
3625 -1 0
3625 -2 0
3626 -1 0
3626 -2 0
3628 -1 0
3628 -2 0
3628 3634 3
3628 16750 3
3629 -1 0
3629 -2 0
3630 -1 0
3630 -2 0
3630 3632 3
3630 16752 3
3631 -1 0
3631 -2 0
3632 -1 0
3632 -2 0
3633 -1 0
3633 -2 0
3634 -1 0
3634 -2 0
3635 -1 0
3635 -2 0
3637 -1 0
3637 -2 0
3638 -1 0
3638 -2 0
3639 -1 0
3639 -2 0
3640 -1 0
3640 -2 0
3641 -1 0
3641 -2 0
3642 -1 0
3642 -2 0
3643 -1 0
3643 -2 0
3644 -1 0
3644 -2 0
3907 -1 0
3907 -2 0
3907 3913 5
3907 3961 5
3907 4069 5
3907 17029 5
3908 -1 0
3908 -2 0
3910 -1 0
3910 -2 0
3911 -1 0
3911 -2 0
3911 3938 4
3911 3992 4
3911 10472 4
3913 -1 0
3913 -2 0
3913 3940 4
3913 3994 4
3913 10474 4
3914 -1 0
3914 -2 0
3936 -1 0
3936 -2 0
3937 -1 0
3937 -2 0
3938 -1 0
3938 -2 0
3938 4100 3
3938 17060 3
3939 -1 0
3939 -2 0
3939 3940 4
3939 4020 4
3939 10500 4
3940 -1 0
3940 -2 0
3940 4102 3
3940 17062 3
3941 -1 0
3941 -2 0
3966 -1 0
3966 -2 0
3967 -1 0
3967 -2 0
3968 -1 0
3968 -2 0
3988 -1 0
3988 -2 0
3989 -1 0
3989 -2 0
3989 3992 4
3989 4016 4
3989 10550 4
3991 -1 0
3991 -2 0
3992 -1 0
3992 -2 0
3994 -1 0
3994 -2 0
3994 4048 3
3994 17116 3
3995 -1 0
3995 -2 0
4017 -1 0
4017 -2 0
4018 -1 0
4018 -2 0
4019 -1 0
4019 -2 0
4020 -1 0
4020 -2 0
4021 -1 0
4021 -2 0
4022 -1 0
4022 -2 0
4047 -1 0
4047 -2 0
4048 -1 0
4048 -2 0
4048 10609 2
4049 -1 0
4049 -2 0
4069 -1 0
4069 -2 0
4070 -1 0
4070 -2 0
4072 -1 0
4072 -2 0
4072 4126 3
4072 17194 3
4073 -1 0
4073 -2 0
4075 -1 0
4075 -2 0
4076 -1 0
4076 -2 0
4098 -1 0
4098 -2 0
4098 4100 3
4098 17220 3
4099 -1 0
4099 -2 0
4100 -1 0
4100 -2 0
4101 -1 0
4101 -2 0
4102 -1 0
4102 -2 0
4103 -1 0
4103 -2 0
4128 -1 0
4128 -2 0
4129 -1 0
4129 -2 0
4130 -1 0
4130 -2 0
4136 -1 0
4136 -2 0
4138 -1 0
4138 -2 0
4139 -1 0
4139 -2 0
4141 -1 0
4141 -2 0
4141 4147 5
4141 4195 5
4141 4303 5
4141 17263 5
4142 -1 0
4142 -2 0
4144 -1 0
4144 -2 0
4145 -1 0
4145 -2 0
4145 4172 4
4145 4226 4
4145 10706 4
4147 -1 0
4147 -2 0
4147 4174 4
4147 4228 4
4147 10708 4
4148 -1 0
4148 -2 0
4150 -1 0
4150 -2 0
4151 -1 0
4151 -2 0
4153 -1 0
4153 -2 0
4153 4180 4
4153 4234 4
4153 10714 4
4154 -1 0
4154 -2 0
4156 -1 0
4156 -2 0
4157 -1 0
4157 -2 0
4163 -1 0
4163 -2 0
4163 4172 4
4163 4244 4
4163 10724 4
4164 -1 0
4164 -2 0
4165 -1 0
4165 -2 0
4165 4174 4
4165 4246 4
4165 10726 4
4166 -1 0
4166 -2 0
4168 -1 0
4168 -2 0
4169 -1 0
4169 -2 0
4169 4172 4
4169 4250 4
4169 10730 4
4171 -1 0
4171 -2 0
4172 -1 0
4172 -2 0
4172 4334 3
4172 17294 3
4173 -1 0
4173 -2 0
4173 4174 4
4173 4254 4
4173 10734 4
4174 -1 0
4174 -2 0
4174 4336 3
4174 17296 3
4175 -1 0
4175 -2 0
4177 -1 0
4177 -2 0
4177 4180 4
4177 4258 4
4177 10738 4
4178 -1 0
4178 -2 0
4180 -1 0
4180 -2 0
4180 4342 3
4180 17302 3
4181 -1 0
4181 -2 0
4182 -1 0
4182 -2 0
4183 -1 0
4183 -2 0
4184 -1 0
4184 -2 0
4190 -1 0
4190 -2 0
4191 -1 0
4191 -2 0
4192 -1 0
4192 -2 0
4193 -1 0
4193 -2 0
4195 -1 0
4195 -2 0
4195 4198 4
4195 4276 4
4195 10756 4
4196 -1 0
4196 -2 0
4198 -1 0
4198 -2 0
4199 -1 0
4199 -2 0
4200 -1 0
4200 -2 0
4201 -1 0
4201 -2 0
4202 -1 0
4202 -2 0
4204 -1 0
4204 -2 0
4205 -1 0
4205 -2 0
4206 -1 0
4206 -2 0
4207 -1 0
4207 -2 0
4208 -1 0
4208 -2 0
4209 -1 0
4209 -2 0
4210 -1 0
4210 -2 0
4211 -1 0
4211 -2 0
4217 -1 0
4217 -2 0
4217 4226 4
4217 4244 4
4217 10778 4
4219 -1 0
4219 -2 0
4219 4228 4
4219 4246 4
4219 10780 4
4220 -1 0
4220 -2 0
4222 -1 0
4222 -2 0
4223 -1 0
4223 -2 0
4223 4226 4
4223 4250 4
4223 10784 4
4225 -1 0
4225 -2 0
4226 -1 0
4226 -2 0
4228 -1 0
4228 -2 0
4228 4282 3
4228 17350 3
4229 -1 0
4229 -2 0
4231 -1 0
4231 -2 0
4231 4234 4
4231 4258 4
4231 10792 4
4232 -1 0
4232 -2 0
4234 -1 0
4234 -2 0
4235 -1 0
4235 -2 0
4237 -1 0
4237 -2 0
4238 -1 0
4238 -2 0
4244 -1 0
4244 -2 0
4245 -1 0
4245 -2 0
4245 4246 4
4245 4254 4
4245 10806 4
4246 -1 0
4246 -2 0
4246 4264 3
4246 17368 3
4247 -1 0
4247 -2 0
4249 -1 0
4249 -2 0
4250 -1 0
4250 -2 0
4250 4256 3
4250 17372 3
4252 -1 0
4252 -2 0
4253 -1 0
4253 -2 0
4254 -1 0
4254 -2 0
4254 4256 3
4254 17376 3
4255 -1 0
4255 -2 0
4256 -1 0
4256 -2 0
4256 10817 2
4258 -1 0
4258 -2 0
4258 4264 3
4258 17380 3
4259 -1 0
4259 -2 0
4261 -1 0
4261 -2 0
4262 -1 0
4262 -2 0
4262 10823 2
4263 -1 0
4263 -2 0
4264 -1 0
4264 -2 0
4264 10825 2
4265 -1 0
4265 -2 0
4271 -1 0
4271 -2 0
4272 -1 0
4272 -2 0
4273 -1 0
4273 -2 0
4274 -1 0
4274 -2 0
4276 -1 0
4276 -2 0
4276 4282 3
4276 17398 3
4277 -1 0
4277 -2 0
4279 -1 0
4279 -2 0
4280 -1 0
4280 -2 0
4281 -1 0
4281 -2 0
4282 -1 0
4282 -2 0
4282 10843 2
4283 -1 0
4283 -2 0
4285 -1 0
4285 -2 0
4286 -1 0
4286 -2 0
4287 -1 0
4287 -2 0
4288 -1 0
4288 -2 0
4288 10849 2
4289 -1 0
4289 -2 0
4290 -1 0
4290 -2 0
4291 -1 0
4291 -2 0
4292 -1 0
4292 -2 0
4298 -1 0
4298 -2 0
4300 -1 0
4300 -2 0
4301 -1 0
4301 -2 0
4303 -1 0
4303 -2 0
4303 4306 4
4303 4330 4
4303 10864 4
4304 -1 0
4304 -2 0
4306 -1 0
4306 -2 0
4307 -1 0
4307 -2 0
4309 -1 0
4309 -2 0
4310 -1 0
4310 -2 0
4312 -1 0
4312 -2 0
4313 -1 0
4313 -2 0
4315 -1 0
4315 -2 0
4316 -1 0
4316 -2 0
4318 -1 0
4318 -2 0
4319 -1 0
4319 -2 0
4325 -1 0
4325 -2 0
4326 -1 0
4326 -2 0
4327 -1 0
4327 -2 0
4328 -1 0
4328 -2 0
4330 -1 0
4330 -2 0
4330 4336 3
4330 17452 3
4331 -1 0
4331 -2 0
4333 -1 0
4333 -2 0
4334 -1 0
4334 -2 0
4334 10895 2
4335 -1 0
4335 -2 0
4336 -1 0
4336 -2 0
4336 10897 2
4337 -1 0
4337 -2 0
4339 -1 0
4339 -2 0
4340 -1 0
4340 -2 0
4342 -1 0
4342 -2 0
4343 -1 0
4343 -2 0
4344 -1 0
4344 -2 0
4345 -1 0
4345 -2 0
4346 -1 0
4346 -2 0
4352 -1 0
4352 -2 0
4353 -1 0
4353 -2 0
4354 -1 0
4354 -2 0
4355 -1 0
4355 -2 0
4357 -1 0
4357 -2 0
4358 -1 0
4358 -2 0
4360 -1 0
4360 -2 0
4361 -1 0
4361 -2 0
4362 -1 0
4362 -2 0
4363 -1 0
4363 -2 0
4364 -1 0
4364 -2 0
4366 -1 0
4366 -2 0
4367 -1 0
4367 -2 0
4368 -1 0
4368 -2 0
4369 -1 0
4369 -2 0
4370 -1 0
4370 -2 0
4371 -1 0
4371 -2 0
4372 -1 0
4372 -2 0
4373 -1 0
4373 -2 0
4920 -1 0
4920 -2 0
4921 -1 0
4921 -2 0
4922 -1 0
4922 -2 0
4924 -1 0
4924 -2 0
4925 -1 0
4925 -2 0
4927 -1 0
4927 -2 0
4927 5008 4
4927 5656 4
4927 11488 4
4928 -1 0
4928 -2 0
4930 -1 0
4930 -2 0
4931 -1 0
4931 -2 0
4934 -1 0
4934 -2 0
4937 -1 0
4937 -2 0
4940 -1 0
4940 -2 0
5001 -1 0
5001 -2 0
5002 -1 0
5002 -2 0
5003 -1 0
5003 -2 0
5005 -1 0
5005 -2 0
5005 5008 4
5005 5734 4
5005 11566 4
5006 -1 0
5006 -2 0
5008 -1 0
5008 -2 0
5009 -1 0
5009 -2 0
5011 -1 0
5011 -2 0
5012 -1 0
5012 -2 0
5015 -1 0
5015 -2 0
5018 -1 0
5018 -2 0
5021 -1 0
5021 -2 0
5082 -1 0
5082 -2 0
5083 -1 0
5083 -2 0
5084 -1 0
5084 -2 0
5086 -1 0
5086 -2 0
5087 -1 0
5087 -2 0
5089 -1 0
5089 -2 0
5090 -1 0
5090 -2 0
5092 -1 0
5092 -2 0
5093 -1 0
5093 -2 0
5096 -1 0
5096 -2 0
5099 -1 0
5099 -2 0
5102 -1 0
5102 -2 0
5599 -1 0
5599 -2 0
5599 5605 5
5599 5653 5
5599 5761 5
5599 18721 5
5600 -1 0
5600 -2 0
5602 -1 0
5602 -2 0
5603 -1 0
5603 -2 0
5603 5630 4
5603 5684 4
5603 12164 4
5605 -1 0
5605 -2 0
5605 5632 4
5605 5686 4
5605 12166 4
5606 -1 0
5606 -2 0
5608 -1 0
5608 -2 0
5609 -1 0
5609 -2 0
5611 -1 0
5611 -2 0
5611 5638 4
5611 5692 4
5611 12172 4
5612 -1 0
5612 -2 0
5614 -1 0
5614 -2 0
5615 -1 0
5615 -2 0
5629 -1 0
5629 -2 0
5630 -1 0
5630 -2 0
5630 5792 3
5630 18752 3
5632 -1 0
5632 -2 0
5633 -1 0
5633 -2 0
5635 -1 0
5635 -2 0
5635 5638 4
5635 5716 4
5635 12196 4
5636 -1 0
5636 -2 0
5638 -1 0
5638 -2 0
5639 -1 0
5639 -2 0
5641 -1 0
5641 -2 0
5642 -1 0
5642 -2 0
5658 -1 0
5658 -2 0
5659 -1 0
5659 -2 0
5660 -1 0
5660 -2 0
5662 -1 0
5662 -2 0
5663 -1 0
5663 -2 0
5665 -1 0
5665 -2 0
5666 -1 0
5666 -2 0
5667 -1 0
5667 -2 0
5668 -1 0
5668 -2 0
5669 -1 0
5669 -2 0
5680 -1 0
5680 -2 0
5681 -1 0
5681 -2 0
5681 5684 4
5681 5708 4
5681 12242 4
5683 -1 0
5683 -2 0
5684 -1 0
5684 -2 0
5686 -1 0
5686 -2 0
5687 -1 0
5687 -2 0
5689 -1 0
5689 -2 0
5689 5692 4
5689 5716 4
5689 12250 4
5690 -1 0
5690 -2 0
5692 -1 0
5692 -2 0
5692 5746 3
5692 18814 3
5693 -1 0
5693 -2 0
5695 -1 0
5695 -2 0
5696 -1 0
5696 -2 0
5710 -1 0
5710 -2 0
5711 -1 0
5711 -2 0
5713 -1 0
5713 -2 0
5714 -1 0
5714 -2 0
5714 12275 2
5716 -1 0
5716 -2 0
5717 -1 0
5717 -2 0
5719 -1 0
5719 -2 0
5720 -1 0
5720 -2 0
5720 12281 2
5722 -1 0
5722 -2 0
5722 12283 2
5723 -1 0
5723 -2 0
5739 -1 0
5739 -2 0
5740 -1 0
5740 -2 0
5740 12301 2
5741 -1 0
5741 -2 0
5743 -1 0
5743 -2 0
5744 -1 0
5744 -2 0
5746 -1 0
5746 -2 0
5746 12307 2
5747 -1 0
5747 -2 0
5748 -1 0
5748 -2 0
5749 -1 0
5749 -2 0
5750 -1 0
5750 -2 0
5761 -1 0
5761 -2 0
5761 5764 4
5761 5788 4
5761 12322 4
5762 -1 0
5762 -2 0
5764 -1 0
5764 -2 0
5765 -1 0
5765 -2 0
5767 -1 0
5767 -2 0
5768 -1 0
5768 -2 0
5770 -1 0
5770 -2 0
5771 -1 0
5771 -2 0
5773 -1 0
5773 -2 0
5774 -1 0
5774 -2 0
5776 -1 0
5776 -2 0
5777 -1 0
5777 -2 0
5791 -1 0
5791 -2 0
5792 -1 0
5792 -2 0
5792 12353 2
5794 -1 0
5794 -2 0
5795 -1 0
5795 -2 0
5797 -1 0
5797 -2 0
5798 -1 0
5798 -2 0
5800 -1 0
5800 -2 0
5800 12361 2
5801 -1 0
5801 -2 0
5803 -1 0
5803 -2 0
5804 -1 0
5804 -2 0
5820 -1 0
5820 -2 0
5821 -1 0
5821 -2 0
5822 -1 0
5822 -2 0
5824 -1 0
5824 -2 0
5825 -1 0
5825 -2 0
5827 -1 0
5827 -2 0
5828 -1 0
5828 -2 0
5829 -1 0
5829 -2 0
5830 -1 0
5830 -2 0
5831 -1 0
5831 -2 0
6337 -1 0
6337 -2 0
6338 -1 0
6338 -2 0
6340 -1 0
6340 -2 0
6341 -1 0
6341 -2 0
6343 -1 0
6343 -2 0
6344 -1 0
6344 -2 0
6367 -1 0
6367 -2 0
6368 -1 0
6368 -2 0
6370 -1 0
6370 -2 0
6371 -1 0
6371 -2 0
6396 -1 0
6396 -2 0
6397 -1 0
6397 -2 0
6398 -1 0
6398 -2 0
6418 -1 0
6418 -2 0
6419 -1 0
6419 -2 0
6421 -1 0
6421 -2 0
6422 -1 0
6422 -2 0
6424 -1 0
6424 -2 0
6425 -1 0
6425 -2 0
6448 -1 0
6448 -2 0
6448 13009 2
6449 -1 0
6449 -2 0
6451 -1 0
6451 -2 0
6452 -1 0
6452 -2 0
6477 -1 0
6477 -2 0
6478 -1 0
6478 -2 0
6479 -1 0
6479 -2 0
6499 -1 0
6499 -2 0
6500 -1 0
6500 -2 0
6502 -1 0
6502 -2 0
6503 -1 0
6503 -2 0
6505 -1 0
6505 -2 0
6506 -1 0
6506 -2 0
6529 -1 0
6529 -2 0
6530 -1 0
6530 -2 0
6532 -1 0
6532 -2 0
6533 -1 0
6533 -2 0
6558 -1 0
6558 -2 0
6559 -1 0
6559 -2 0
6560 -1 0
6560 -2 0
7300 -1 0
7300 -2 0
7301 -1 0
7301 -2 0
7303 -1 0
7303 -2 0
7304 -1 0
7304 -2 0
7306 -1 0
7306 -2 0
7307 -1 0
7307 -2 0
7307 7361 5
7307 7469 5
7307 7793 5
7307 11681 5
7310 -1 0
7310 -2 0
7310 7313 6
7310 7337 6
7310 7391 6
7310 7553 6
7310 9497 6
7313 -1 0
7313 -2 0
7313 7367 5
7313 7475 5
7313 7799 5
7313 11687 5
7316 -1 0
7316 -2 0
7330 -1 0
7330 -2 0
7331 -1 0
7331 -2 0
7333 -1 0
7333 -2 0
7334 -1 0
7334 -2 0
7336 -1 0
7336 -2 0
7337 -1 0
7337 -2 0
7337 7343 5
7337 7499 5
7337 7823 5
7337 11711 5
7339 -1 0
7339 -2 0
7340 -1 0
7340 -2 0
7342 -1 0
7342 -2 0
7343 -1 0
7343 -2 0
7360 -1 0
7360 -2 0
7361 -1 0
7361 -2 0
7361 7442 4
7361 7604 4
7361 9548 4
7363 -1 0
7363 -2 0
7363 7369 5
7363 7525 5
7363 7849 5
7363 11737 5
7364 -1 0
7364 -2 0
7366 -1 0
7366 -2 0
7367 -1 0
7367 -2 0
7367 7448 4
7367 7610 4
7367 9554 4
7369 -1 0
7369 -2 0
7369 7450 4
7369 7612 4
7369 9556 4
7370 -1 0
7370 -2 0
7381 -1 0
7381 -2 0
7382 -1 0
7382 -2 0
7384 -1 0
7384 -2 0
7385 -1 0
7385 -2 0
7387 -1 0
7387 -2 0
7388 -1 0
7388 -2 0
7391 -1 0
7391 -2 0
7391 7397 5
7391 7445 5
7391 7877 5
7391 11765 5
7394 -1 0
7394 -2 0
7397 -1 0
7397 -2 0
7411 -1 0
7411 -2 0
7412 -1 0
7412 -2 0
7414 -1 0
7414 -2 0
7415 -1 0
7415 -2 0
7417 -1 0
7417 -2 0
7418 -1 0
7418 -2 0
7420 -1 0
7420 -2 0
7421 -1 0
7421 -2 0
7423 -1 0
7423 -2 0
7424 -1 0
7424 -2 0
7424 7910 3
7424 11798 3
7441 -1 0
7441 -2 0
7442 -1 0
7442 -2 0
7444 -1 0
7444 -2 0
7445 -1 0
7445 -2 0
7445 7448 4
7445 7688 4
7445 9632 4
7447 -1 0
7447 -2 0
7448 -1 0
7448 -2 0
7448 7934 3
7448 11822 3
7450 -1 0
7450 -2 0
7451 -1 0
7451 -2 0
7462 -1 0
7462 -2 0
7463 -1 0
7463 -2 0
7463 7469 5
7463 7517 5
7463 7949 5
7463 11837 5
7465 -1 0
7465 -2 0
7466 -1 0
7466 -2 0
7468 -1 0
7468 -2 0
7469 -1 0
7469 -2 0
7469 7496 4
7469 7712 4
7469 9656 4
7472 -1 0
7472 -2 0
7475 -1 0
7475 -2 0
7475 7502 4
7475 7718 4
7475 9662 4
7478 -1 0
7478 -2 0
7492 -1 0
7492 -2 0
7493 -1 0
7493 -2 0
7495 -1 0
7495 -2 0
7496 -1 0
7496 -2 0
7496 7982 3
7496 11870 3
7498 -1 0
7498 -2 0
7499 -1 0
7499 -2 0
7499 7502 4
7499 7742 4
7499 9686 4
7501 -1 0
7501 -2 0
7502 -1 0
7502 -2 0
7502 7988 3
7502 11876 3
7504 -1 0
7504 -2 0
7505 -1 0
7505 -2 0
7522 -1 0
7522 -2 0
7522 8008 3
7522 11896 3
7523 -1 0
7523 -2 0
7525 -1 0
7525 -2 0
7525 7528 4
7525 7768 4
7525 9712 4
7526 -1 0
7526 -2 0
7528 -1 0
7528 -2 0
7528 8014 3
7528 11902 3
7529 -1 0
7529 -2 0
7531 -1 0
7531 -2 0
7532 -1 0
7532 -2 0
7570 -1 0
7570 -2 0
7571 -1 0
7571 -2 0
7573 -1 0
7573 -2 0
7574 -1 0
7574 -2 0
7576 -1 0
7576 -2 0
7577 -1 0
7577 -2 0
7580 -1 0
7580 -2 0
7583 -1 0
7583 -2 0
7586 -1 0
7586 -2 0
7586 7748 3
7586 11960 3
7597 -1 0
7597 -2 0
7598 -1 0
7598 -2 0
7600 -1 0
7600 -2 0
7601 -1 0
7601 -2 0
7603 -1 0
7603 -2 0
7604 -1 0
7604 -2 0
7606 -1 0
7606 -2 0
7607 -1 0
7607 -2 0
7607 7610 4
7607 7688 4
7607 9794 4
7609 -1 0
7609 -2 0
7610 -1 0
7610 -2 0
7610 7772 3
7610 11984 3
7612 -1 0
7612 -2 0
7612 7774 3
7612 11986 3
7613 -1 0
7613 -2 0
7651 -1 0
7651 -2 0
7652 -1 0
7652 -2 0
7654 -1 0
7654 -2 0
7655 -1 0
7655 -2 0
7657 -1 0
7657 -2 0
7658 -1 0
7658 -2 0
7661 -1 0
7661 -2 0
7664 -1 0
7664 -2 0
7667 -1 0
7667 -2 0
7678 -1 0
7678 -2 0
7679 -1 0
7679 -2 0
7681 -1 0
7681 -2 0
7682 -1 0
7682 -2 0
7684 -1 0
7684 -2 0
7685 -1 0
7685 -2 0
7687 -1 0
7687 -2 0
7688 -1 0
7688 -2 0
7688 7694 3
7688 12062 3
7690 -1 0
7690 -2 0
7691 -1 0
7691 -2 0
7693 -1 0
7693 -2 0
7694 -1 0
7694 -2 0
7732 -1 0
7732 -2 0
7733 -1 0
7733 -2 0
7735 -1 0
7735 -2 0
7736 -1 0
7736 -2 0
7738 -1 0
7738 -2 0
7739 -1 0
7739 -2 0
7742 -1 0
7742 -2 0
7742 7748 3
7742 12116 3
7745 -1 0
7745 -2 0
7748 -1 0
7748 -2 0
7759 -1 0
7759 -2 0
7760 -1 0
7760 -2 0
7762 -1 0
7762 -2 0
7763 -1 0
7763 -2 0
7765 -1 0
7765 -2 0
7766 -1 0
7766 -2 0
7766 9953 2
7768 -1 0
7768 -2 0
7768 7774 3
7768 12142 3
7769 -1 0
7769 -2 0
7771 -1 0
7771 -2 0
7772 -1 0
7772 -2 0
7772 9959 2
7774 -1 0
7774 -2 0
7774 9961 2
7775 -1 0
7775 -2 0
7840 -1 0
7840 -2 0
7841 -1 0
7841 -2 0
7841 7844 4
7841 7922 4
7841 10028 4
7843 -1 0
7843 -2 0
7844 -1 0
7844 -2 0
7844 8006 3
7844 12218 3
7846 -1 0
7846 -2 0
7846 8008 3
7846 12220 3
7847 -1 0
7847 -2 0
7850 -1 0
7850 -2 0
7853 -1 0
7853 -2 0
7856 -1 0
7856 -2 0
7921 -1 0
7921 -2 0
7922 -1 0
7922 -2 0
7924 -1 0
7924 -2 0
7925 -1 0
7925 -2 0
7927 -1 0
7927 -2 0
7928 -1 0
7928 -2 0
7928 10115 2
7931 -1 0
7931 -2 0
7934 -1 0
7934 -2 0
7934 10121 2
7937 -1 0
7937 -2 0
8002 -1 0
8002 -2 0
8002 8008 3
8002 12376 3
8003 -1 0
8003 -2 0
8005 -1 0
8005 -2 0
8006 -1 0
8006 -2 0
8008 -1 0
8008 -2 0
8009 -1 0
8009 -2 0
8012 -1 0
8012 -2 0
8015 -1 0
8015 -2 0
8018 -1 0
8018 -2 0
8038 -1 0
8038 -2 0
8038 8041 6
8038 8065 6
8038 8119 6
8038 8281 6
8038 10225 6
8039 -1 0
8039 -2 0
8041 -1 0
8041 -2 0
8041 8095 5
8041 8203 5
8041 8527 5
8041 12415 5
8042 -1 0
8042 -2 0
8044 -1 0
8044 -2 0
8045 -1 0
8045 -2 0
8068 -1 0
8068 -2 0
8069 -1 0
8069 -2 0
8069 8150 4
8069 8312 4
8069 10256 4
8071 -1 0
8071 -2 0
8071 8152 4
8071 8314 4
8071 10258 4
8072 -1 0
8072 -2 0
8098 -1 0
8098 -2 0
8099 -1 0
8099 -2 0
8119 -1 0
8119 -2 0
8120 -1 0
8120 -2 0
8122 -1 0
8122 -2 0
8123 -1 0
8123 -2 0
8123 8150 4
8123 8366 4
8123 10310 4
8125 -1 0
8125 -2 0
8125 8152 4
8125 8368 4
8125 10312 4
8126 -1 0
8126 -2 0
8149 -1 0
8149 -2 0
8150 -1 0
8150 -2 0
8150 8636 3
8150 12524 3
8152 -1 0
8152 -2 0
8153 -1 0
8153 -2 0
8179 -1 0
8179 -2 0
8180 -1 0
8180 -2 0
8200 -1 0
8200 -2 0
8201 -1 0
8201 -2 0
8203 -1 0
8203 -2 0
8204 -1 0
8204 -2 0
8206 -1 0
8206 -2 0
8207 -1 0
8207 -2 0
8230 -1 0
8230 -2 0
8230 8716 3
8230 12604 3
8231 -1 0
8231 -2 0
8233 -1 0
8233 -2 0
8234 -1 0
8234 -2 0
8260 -1 0
8260 -2 0
8261 -1 0
8261 -2 0
8273 -1 0
8273 -2 0
8275 -1 0
8275 -2 0
8276 -1 0
8276 -2 0
8278 -1 0
8278 -2 0
8279 -1 0
8279 -2 0
8279 8306 4
8279 8360 4
8279 10466 4
8282 -1 0
8282 -2 0
8284 -1 0
8284 -2 0
8285 -1 0
8285 -2 0
8285 8312 4
8285 8366 4
8285 10472 4
8287 -1 0
8287 -2 0
8287 8314 4
8287 8368 4
8287 10474 4
8288 -1 0
8288 -2 0
8300 -1 0
8300 -2 0
8302 -1 0
8302 -2 0
8303 -1 0
8303 -2 0
8305 -1 0
8305 -2 0
8306 -1 0
8306 -2 0
8308 -1 0
8308 -2 0
8309 -1 0
8309 -2 0
8309 8312 4
8309 8390 4
8309 10496 4
8311 -1 0
8311 -2 0
8312 -1 0
8312 -2 0
8312 8474 3
8312 12686 3
8314 -1 0
8314 -2 0
8314 8476 3
8314 12688 3
8315 -1 0
8315 -2 0
8327 -1 0
8327 -2 0
8329 -1 0
8329 -2 0
8330 -1 0
8330 -2 0
8332 -1 0
8332 -2 0
8333 -1 0
8333 -2 0
8335 -1 0
8335 -2 0
8335 8338 4
8335 8416 4
8335 10522 4
8336 -1 0
8336 -2 0
8338 -1 0
8338 -2 0
8338 8500 3
8338 12712 3
8339 -1 0
8339 -2 0
8341 -1 0
8341 -2 0
8342 -1 0
8342 -2 0
8354 -1 0
8354 -2 0
8356 -1 0
8356 -2 0
8357 -1 0
8357 -2 0
8359 -1 0
8359 -2 0
8360 -1 0
8360 -2 0
8363 -1 0
8363 -2 0
8363 8366 4
8363 8390 4
8363 10550 4
8365 -1 0
8365 -2 0
8366 -1 0
8366 -2 0
8366 8420 3
8366 12740 3
8368 -1 0
8368 -2 0
8369 -1 0
8369 -2 0
8381 -1 0
8381 -2 0
8383 -1 0
8383 -2 0
8384 -1 0
8384 -2 0
8386 -1 0
8386 -2 0
8387 -1 0
8387 -2 0
8389 -1 0
8389 -2 0
8390 -1 0
8390 -2 0
8392 -1 0
8392 -2 0
8393 -1 0
8393 -2 0
8395 -1 0
8395 -2 0
8396 -1 0
8396 -2 0
8408 -1 0
8408 -2 0
8410 -1 0
8410 -2 0
8411 -1 0
8411 -2 0
8413 -1 0
8413 -2 0
8414 -1 0
8414 -2 0
8416 -1 0
8416 -2 0
8417 -1 0
8417 -2 0
8419 -1 0
8419 -2 0
8420 -1 0
8420 -2 0
8422 -1 0
8422 -2 0
8422 10609 2
8423 -1 0
8423 -2 0
8435 -1 0
8435 -2 0
8435 8438 4
8435 8462 4
8435 10622 4
8437 -1 0
8437 -2 0
8438 -1 0
8438 -2 0
8440 -1 0
8440 -2 0
8441 -1 0
8441 -2 0
8444 -1 0
8444 -2 0
8446 -1 0
8446 -2 0
8446 8500 3
8446 12820 3
8447 -1 0
8447 -2 0
8449 -1 0
8449 -2 0
8450 -1 0
8450 -2 0
8462 -1 0
8462 -2 0
8464 -1 0
8464 -2 0
8465 -1 0
8465 -2 0
8467 -1 0
8467 -2 0
8468 -1 0
8468 -2 0
8468 10655 2
8470 -1 0
8470 -2 0
8470 8476 3
8470 12844 3
8471 -1 0
8471 -2 0
8473 -1 0
8473 -2 0
8474 -1 0
8474 -2 0
8476 -1 0
8476 -2 0
8477 -1 0
8477 -2 0
8489 -1 0
8489 -2 0
8491 -1 0
8491 -2 0
8492 -1 0
8492 -2 0
8494 -1 0
8494 -2 0
8494 10681 2
8495 -1 0
8495 -2 0
8497 -1 0
8497 -2 0
8498 -1 0
8498 -2 0
8500 -1 0
8500 -2 0
8501 -1 0
8501 -2 0
8503 -1 0
8503 -2 0
8504 -1 0
8504 -2 0
8516 -1 0
8516 -2 0
8519 -1 0
8519 -2 0
8519 8546 4
8519 8600 4
8519 10706 4
8521 -1 0
8521 -2 0
8521 8548 4
8521 8602 4
8521 10708 4
8522 -1 0
8522 -2 0
8525 -1 0
8525 -2 0
8528 -1 0
8528 -2 0
8530 -1 0
8530 -2 0
8531 -1 0
8531 -2 0
8543 -1 0
8543 -2 0
8543 8546 4
8543 8624 4
8543 10730 4
8545 -1 0
8545 -2 0
8546 -1 0
8546 -2 0
8546 8708 3
8546 12920 3
8548 -1 0
8548 -2 0
8548 8710 3
8548 12922 3
8549 -1 0
8549 -2 0
8552 -1 0
8552 -2 0
8554 -1 0
8554 -2 0
8554 8716 3
8554 12928 3
8555 -1 0
8555 -2 0
8557 -1 0
8557 -2 0
8558 -1 0
8558 -2 0
8570 -1 0
8570 -2 0
8572 -1 0
8572 -2 0
8573 -1 0
8573 -2 0
8575 -1 0
8575 -2 0
8576 -1 0
8576 -2 0
8578 -1 0
8578 -2 0
8579 -1 0
8579 -2 0
8581 -1 0
8581 -2 0
8582 -1 0
8582 -2 0
8584 -1 0
8584 -2 0
8585 -1 0
8585 -2 0
8597 -1 0
8597 -2 0
8597 8600 4
8597 8624 4
8597 10784 4
8600 -1 0
8600 -2 0
8600 8654 3
8600 12974 3
8602 -1 0
8602 -2 0
8603 -1 0
8603 -2 0
8606 -1 0
8606 -2 0
8609 -1 0
8609 -2 0
8611 -1 0
8611 -2 0
8612 -1 0
8612 -2 0
8624 -1 0
8624 -2 0
8624 8630 3
8624 12998 3
8626 -1 0
8626 -2 0
8627 -1 0
8627 -2 0
8629 -1 0
8629 -2 0
8630 -1 0
8630 -2 0
8630 10817 2
8633 -1 0
8633 -2 0
8635 -1 0
8635 -2 0
8636 -1 0
8636 -2 0
8636 10823 2
8638 -1 0
8638 -2 0
8638 10825 2
8639 -1 0
8639 -2 0
8651 -1 0
8651 -2 0
8653 -1 0
8653 -2 0
8654 -1 0
8654 -2 0
8656 -1 0
8656 -2 0
8656 10843 2
8657 -1 0
8657 -2 0
8659 -1 0
8659 -2 0
8660 -1 0
8660 -2 0
8662 -1 0
8662 -2 0
8662 10849 2
8663 -1 0
8663 -2 0
8665 -1 0
8665 -2 0
8666 -1 0
8666 -2 0
8678 -1 0
8678 -2 0
8681 -1 0
8681 -2 0
8683 -1 0
8683 -2 0
8684 -1 0
8684 -2 0
8687 -1 0
8687 -2 0
8690 -1 0
8690 -2 0
8692 -1 0
8692 -2 0
8693 -1 0
8693 -2 0
8705 -1 0
8705 -2 0
8707 -1 0
8707 -2 0
8708 -1 0
8708 -2 0
8708 10895 2
8710 -1 0
8710 -2 0
8710 10897 2
8711 -1 0
8711 -2 0
8714 -1 0
8714 -2 0
8716 -1 0
8716 -2 0
8717 -1 0
8717 -2 0
8719 -1 0
8719 -2 0
8720 -1 0
8720 -2 0
8732 -1 0
8732 -2 0
8734 -1 0
8734 -2 0
8735 -1 0
8735 -2 0
8737 -1 0
8737 -2 0
8738 -1 0
8738 -2 0
8740 -1 0
8740 -2 0
8741 -1 0
8741 -2 0
8743 -1 0
8743 -2 0
8744 -1 0
8744 -2 0
8746 -1 0
8746 -2 0
8747 -1 0
8747 -2 0
9760 -1 0
9760 -2 0
9761 -1 0
9761 -2 0
9763 -1 0
9763 -2 0
9764 -1 0
9764 -2 0
9767 -1 0
9767 -2 0
9770 -1 0
9770 -2 0
9773 -1 0
9773 -2 0
9790 -1 0
9790 -2 0
9791 -1 0
9791 -2 0
9794 -1 0
9794 -2 0
9796 -1 0
9796 -2 0
9797 -1 0
9797 -2 0
9799 -1 0
9799 -2 0
9800 -1 0
9800 -2 0
9841 -1 0
9841 -2 0
9842 -1 0
9842 -2 0
9844 -1 0
9844 -2 0
9845 -1 0
9845 -2 0
9848 -1 0
9848 -2 0
9851 -1 0
9851 -2 0
9854 -1 0
9854 -2 0
9871 -1 0
9871 -2 0
9872 -1 0
9872 -2 0
9875 -1 0
9875 -2 0
9877 -1 0
9877 -2 0
9878 -1 0
9878 -2 0
9880 -1 0
9880 -2 0
9881 -1 0
9881 -2 0
9922 -1 0
9922 -2 0
9923 -1 0
9923 -2 0
9925 -1 0
9925 -2 0
9926 -1 0
9926 -2 0
9929 -1 0
9929 -2 0
9932 -1 0
9932 -2 0
9935 -1 0
9935 -2 0
9952 -1 0
9952 -2 0
9953 -1 0
9953 -2 0
9956 -1 0
9956 -2 0
9956 9959 2
9958 -1 0
9958 -2 0
9959 -1 0
9959 -2 0
9961 -1 0
9961 -2 0
9962 -1 0
9962 -2 0
10030 -1 0
10030 -2 0
10031 -1 0
10031 -2 0
10033 -1 0
10033 -2 0
10034 -1 0
10034 -2 0
10034 10115 2
10037 -1 0
10037 -2 0
10040 -1 0
10040 -2 0
10040 10121 2
10043 -1 0
10043 -2 0
10111 -1 0
10111 -2 0
10112 -1 0
10112 -2 0
10114 -1 0
10114 -2 0
10115 -1 0
10115 -2 0
10118 -1 0
10118 -2 0
10118 10121 2
10121 -1 0
10121 -2 0
10124 -1 0
10124 -2 0
10192 -1 0
10192 -2 0
10193 -1 0
10193 -2 0
10195 -1 0
10195 -2 0
10196 -1 0
10196 -2 0
10199 -1 0
10199 -2 0
10202 -1 0
10202 -2 0
10205 -1 0
10205 -2 0
10469 -1 0
10469 -2 0
10469 10472 4
10469 10496 4
10469 10550 4
10472 -1 0
10472 -2 0
10472 10526 3
10472 10634 3
10475 -1 0
10475 -2 0
10498 -1 0
10498 -2 0
10499 -1 0
10499 -2 0
10501 -1 0
10501 -2 0
10502 -1 0
10502 -2 0
10528 -1 0
10528 -2 0
10528 10609 2
10529 -1 0
10529 -2 0
10550 -1 0
10550 -2 0
10550 10556 3
10550 10604 3
10553 -1 0
10553 -2 0
10556 -1 0
10556 -2 0
10579 -1 0
10579 -2 0
10580 -1 0
10580 -2 0
10582 -1 0
10582 -2 0
10583 -1 0
10583 -2 0
10609 -1 0
10609 -2 0
10610 -1 0
10610 -2 0
10631 -1 0
10631 -2 0
10634 -1 0
10634 -2 0
10637 -1 0
10637 -2 0
10660 -1 0
10660 -2 0
10661 -1 0
10661 -2 0
10661 19683 1
10663 -1 0
10663 -2 0
10663 19683 1
10664 -1 0
10664 -2 0
10690 -1 0
10690 -2 0
10691 -1 0
10691 -2 0
10706 -1 0
10706 -2 0
10706 10760 3
10706 10868 3
10709 -1 0
10709 -2 0
10712 -1 0
10712 -2 0
10715 -1 0
10715 -2 0
10718 -1 0
10718 -2 0
10733 -1 0
10733 -2 0
10735 -1 0
10735 -2 0
10736 -1 0
10736 -2 0
10736 10817 2
10739 -1 0
10739 -2 0
10742 -1 0
10742 -2 0
10742 10823 2
10744 -1 0
10744 -2 0
10744 10825 2
10745 -1 0
10745 -2 0
10760 -1 0
10760 -2 0
10762 -1 0
10762 -2 0
10762 10843 2
10763 -1 0
10763 -2 0
10766 -1 0
10766 -2 0
10768 -1 0
10768 -2 0
10768 10849 2
10769 -1 0
10769 -2 0
10771 -1 0
10771 -2 0
10772 -1 0
10772 -2 0
10787 -1 0
10787 -2 0
10790 -1 0
10790 -2 0
10790 10817 2
10793 -1 0
10793 -2 0
10796 -1 0
10796 -2 0
10796 10823 2
10799 -1 0
10799 -2 0
10814 -1 0
10814 -2 0
10816 -1 0
10816 -2 0
10817 -1 0
10817 -2 0
10817 19683 1
10820 -1 0
10820 -2 0
10820 10823 2
10823 -1 0
10823 -2 0
10825 -1 0
10825 -2 0
10826 -1 0
10826 -2 0
10841 -1 0
10841 -2 0
10843 -1 0
10843 -2 0
10844 -1 0
10844 -2 0
10847 -1 0
10847 -2 0
10849 -1 0
10849 -2 0
10850 -1 0
10850 -2 0
10852 -1 0
10852 -2 0
10853 -1 0
10853 -2 0
10868 -1 0
10868 -2 0
10868 10895 2
10871 -1 0
10871 -2 0
10874 -1 0
10874 -2 0
10877 -1 0
10877 -2 0
10880 -1 0
10880 -2 0
10895 -1 0
10895 -2 0
10895 19683 1
10897 -1 0
10897 -2 0
10897 19683 1
10898 -1 0
10898 -2 0
10901 -1 0
10901 -2 0
10904 -1 0
10904 -2 0
10906 -1 0
10906 -2 0
10907 -1 0
10907 -2 0
10922 -1 0
10922 -2 0
10924 -1 0
10924 -2 0
10925 -1 0
10925 -2 0
10928 -1 0
10928 -2 0
10930 -1 0
10930 -2 0
10931 -1 0
10931 -2 0
10933 -1 0
10933 -2 0
10934 -1 0
10934 -2 0
12220 -1 0
12220 -2 0
12220 12301 2
12221 -1 0
12221 -2 0
12224 -1 0
12224 -2 0
12227 -1 0
12227 -2 0
12230 -1 0
12230 -2 0
12301 -1 0
12301 -2 0
12302 -1 0
12302 -2 0
12305 -1 0
12305 -2 0
12308 -1 0
12308 -2 0
12311 -1 0
12311 -2 0
12382 -1 0
12382 -2 0
12383 -1 0
12383 -2 0
12386 -1 0
12386 -2 0
12389 -1 0
12389 -2 0
12392 -1 0
12392 -2 0
12899 -1 0
12899 -2 0
12902 -1 0
12902 -2 0
12905 -1 0
12905 -2 0
12929 -1 0
12929 -2 0
12932 -1 0
12932 -2 0
12958 -1 0
12958 -2 0
12959 -1 0
12959 -2 0
12980 -1 0
12980 -2 0
12983 -1 0
12983 -2 0
12986 -1 0
12986 -2 0
13010 -1 0
13010 -2 0
13013 -1 0
13013 -2 0
13039 -1 0
13039 -2 0
13040 -1 0
13040 -2 0
13061 -1 0
13061 -2 0
13064 -1 0
13064 -2 0
13067 -1 0
13067 -2 0
13091 -1 0
13091 -2 0
13094 -1 0
13094 -2 0
13120 -1 0
13120 -2 0
13121 -1 0
13121 -2 0
14600 -1 0
14600 -2 0
14603 -1 0
14603 -2 0
14606 -1 0
14606 -2 0
14630 -1 0
14630 -2 0
14633 -1 0
14633 -2 0
14660 -1 0
14660 -2 0
14681 -1 0
14681 -2 0
14684 -1 0
14684 -2 0
14687 -1 0
14687 -2 0
14711 -1 0
14711 -2 0
14714 -1 0
14714 -2 0
14741 -1 0
14741 -2 0
14762 -1 0
14762 -2 0
14765 -1 0
14765 -2 0
14768 -1 0
14768 -2 0
14792 -1 0
14792 -2 0
14795 -1 0
14795 -2 0
14822 -1 0
14822 -2 0
14870 -1 0
14870 -2 0
14873 -1 0
14873 -2 0
14876 -1 0
14876 -2 0
14897 -1 0
14897 -2 0
14900 -1 0
14900 -2 0
14903 -1 0
14903 -2 0
14951 -1 0
14951 -2 0
14954 -1 0
14954 -2 0
14954 17141 2
14957 -1 0
14957 -2 0
14978 -1 0
14978 -2 0
14981 -1 0
14981 -2 0
14984 -1 0
14984 -2 0
15032 -1 0
15032 -2 0
15035 -1 0
15035 -2 0
15038 -1 0
15038 -2 0
15059 -1 0
15059 -2 0
15062 -1 0
15062 -2 0
15065 -1 0
15065 -2 0
15140 -1 0
15140 -2 0
15143 -1 0
15143 -2 0
15146 -1 0
15146 -2 0
15221 -1 0
15221 -2 0
15224 -1 0
15224 -2 0
15227 -1 0
15227 -2 0
15302 -1 0
15302 -2 0
15305 -1 0
15305 -2 0
15308 -1 0
15308 -2 0
17060 -1 0
17060 -2 0
17060 17141 2
17063 -1 0
17063 -2 0
17090 -1 0
17090 -2 0
17141 -1 0
17141 -2 0
17144 -1 0
17144 -2 0
17171 -1 0
17171 -2 0
17222 -1 0
17222 -2 0
17225 -1 0
17225 -2 0
17252 -1 0
17252 -2 0
17330 -1 0
17330 -2 0
17333 -1 0
17333 -2 0
17411 -1 0
17411 -2 0
17414 -1 0
17414 -2 0
17492 -1 0
17492 -2 0
17495 -1 0
17495 -2 0
19520 -1 0
19520 -2 0
19601 -1 0
19601 -2 0
19682 -1 0
19682 -2 0
-1